#t	xm-xa	states
0.000000	4.007560	0
0.001000	4.013964	0
0.002000	4.019343	0
0.003000	4.025243	0
0.004000	4.029957	0
0.005000	4.036375	0
0.006000	4.039051	0
0.007000	4.045573	0
0.008000	4.049146	0
0.009000	4.052622	0
0.010000	4.057944	0
0.011000	4.061373	0
0.012000	4.066155	0
0.013000	4.071845	0
0.014000	4.078355	0
0.015000	4.083627	0
0.016000	4.088378	0
0.017000	4.095524	0
0.018000	4.100677	0
0.019000	4.105010	0
0.020000	4.108448	0
0.021000	4.115816	0
0.022000	4.119336	0
0.023000	4.126383	0
0.024000	4.132734	0
0.025000	4.138120	0
0.026000	4.140892	0
0.027000	4.145234	0
0.028000	4.149961	0
0.029000	4.153289	0
0.030000	4.158485	0
0.031000	4.161397	0
0.032000	4.168391	0
0.033000	4.172352	0
0.034000	4.178321	0
0.035000	4.185317	0
0.036000	4.190530	0
0.037000	4.198685	0
0.038000	4.203164	0
0.039000	4.207021	0
0.040000	4.213190	0
0.041000	4.217310	0
0.042000	4.222527	0
0.043000	4.228368	0
0.044000	4.234896	0
0.045000	4.239053	0
0.046000	4.242480	0
0.047000	4.244834	0
0.048000	4.245974	0
0.049000	4.249458	0
0.050000	4.252699	0
0.051000	4.256915	0
0.052000	4.262812	0
0.053000	4.262330	0
0.054000	4.267774	0
0.055000	4.273056	0
0.056000	4.277506	0
0.057000	4.279740	0
0.058000	4.282913	0
0.059000	4.287641	0
0.060000	4.288759	0
0.061000	4.291684	0
0.062000	4.295649	0
0.063000	4.298422	0
0.064000	4.303549	0
0.065000	4.313308	0
0.066000	4.316513	0
0.067000	4.320472	0
0.068000	4.321447	0
0.069000	4.326900	0
0.070000	4.329442	0
0.071000	4.337193	0
0.072000	4.342931	0
0.073000	4.340986	0
0.074000	4.348531	0
0.075000	4.352878	0
0.076000	4.358073	0
0.077000	4.360153	0
0.078000	4.365294	0
0.079000	4.370414	0
0.080000	4.381561	0
0.081000	4.382944	0
0.082000	4.387629	0
0.083000	4.386933	0
0.084000	4.391941	0
0.085000	4.403651	0
0.086000	4.406442	0
0.087000	4.393342	0
0.088000	4.404974	0
0.089000	4.412580	0
0.090000	4.419135	0
0.091000	4.417836	0
0.092000	4.429040	0
0.093000	4.431707	0
0.094000	4.437997	0
0.095000	4.440768	0
0.096000	4.436122	0
0.097000	4.441231	0
0.098000	4.443360	0
0.099000	4.446384	0
0.100000	4.443162	0
0.101000	4.444792	0
0.102000	4.444783	0
0.103000	4.452348	0
0.104000	4.452417	0
0.105000	4.457432	0
0.106000	4.470422	0
0.107000	4.464955	0
0.108000	4.467169	0
0.109000	4.476162	0
0.110000	4.482685	0
0.111000	4.489655	0
0.112000	4.486153	0
0.113000	4.495463	0
0.114000	4.487315	0
0.115000	4.502249	0
0.116000	4.499553	0
0.117000	4.502183	0
0.118000	4.495164	0
0.119000	4.512832	0
0.120000	4.508475	0
0.121000	4.514739	0
0.122000	4.517141	0
0.123000	4.516869	0
0.124000	4.525664	0
0.125000	4.521075	0
0.126000	4.523133	0
0.127000	4.525914	0
0.128000	4.523625	0
0.129000	4.529339	0
0.130000	4.533557	0
0.131000	4.542903	0
0.132000	4.542053	0
0.133000	4.544737	0
0.134000	4.539420	0
0.135000	4.547693	0
0.136000	4.545609	0
0.137000	4.559165	0
0.138000	4.576777	0
0.139000	4.577764	0
0.140000	4.573660	0
0.141000	4.574901	0
0.142000	4.567455	0
0.143000	4.581437	0
0.144000	4.567737	0
0.145000	4.573431	0
0.146000	4.578938	0
0.147000	4.569734	0
0.148000	4.566992	0
0.149000	4.578615	0
0.150000	4.581334	0
0.151000	4.584911	0
0.152000	4.577185	0
0.153000	4.576418	0
0.154000	4.566841	0
0.155000	4.578905	0
0.156000	4.582387	0
0.157000	4.598456	0
0.158000	4.601190	0
0.159000	4.604031	0
0.160000	4.607318	0
0.161000	4.620097	0
0.162000	4.612634	0
0.163000	4.606788	0
0.164000	4.612926	0
0.165000	4.614547	0
0.166000	4.615376	0
0.167000	4.623731	0
0.168000	4.629624	0
0.169000	4.623233	0
0.170000	4.623996	0
0.171000	4.628502	0
0.172000	4.643756	0
0.173000	4.655336	0
0.174000	4.645364	0
0.175000	4.649331	0
0.176000	4.645603	0
0.177000	4.655339	0
0.178000	4.651033	0
0.179000	4.652941	0
0.180000	4.653191	0
0.181000	4.660315	0
0.182000	4.657092	0
0.183000	4.645476	0
0.184000	4.645857	0
0.185000	4.639950	0
0.186000	4.634068	0
0.187000	4.643026	0
0.188000	4.639895	0
0.189000	4.654626	0
0.190000	4.645403	0
0.191000	4.655021	0
0.192000	4.668970	0
0.193000	4.663980	0
0.194000	4.674617	0
0.195000	4.663243	0
0.196000	4.645373	0
0.197000	4.657320	0
0.198000	4.678416	0
0.199000	4.682909	0
0.200000	4.681083	0
0.201000	4.681225	0
0.202000	4.695902	0
0.203000	4.705619	0
0.204000	4.697873	0
0.205000	4.691439	0
0.206000	4.682020	0
0.207000	4.676835	0
0.208000	4.688833	0
0.209000	4.679071	0
0.210000	4.693402	0
0.211000	4.688948	0
0.212000	4.703348	0
0.213000	4.703460	0
0.214000	4.716104	0
0.215000	4.701420	0
0.216000	4.700450	0
0.217000	4.708172	0
0.218000	4.715981	0
0.219000	4.707492	0
0.220000	4.723799	0
0.221000	4.725573	0
0.222000	4.707454	0
0.223000	4.708645	0
0.224000	4.707251	0
0.225000	4.708681	0
0.226000	4.724186	0
0.227000	4.714683	0
0.228000	4.713620	0
0.229000	4.694735	0
0.230000	4.695448	0
0.231000	4.687531	0
0.232000	4.694464	0
0.233000	4.699153	0
0.234000	4.689045	0
0.235000	4.705886	0
0.236000	4.698570	0
0.237000	4.701967	0
0.238000	4.710340	0
0.239000	4.689815	0
0.240000	4.687093	0
0.241000	4.703952	0
0.242000	4.701033	0
0.243000	4.699177	0
0.244000	4.719544	0
0.245000	4.711330	0
0.246000	4.704519	0
0.247000	4.707657	0
0.248000	4.705598	0
0.249000	4.717801	0
0.250000	4.716817	0
0.251000	4.721585	0
0.252000	4.728046	0
0.253000	4.718805	0
0.254000	4.722223	0
0.255000	4.727443	0
0.256000	4.722528	0
0.257000	4.740745	0
0.258000	4.749569	0
0.259000	4.729608	0
0.260000	4.744331	0
0.261000	4.722935	0
0.262000	4.744997	0
0.263000	4.751555	0
0.264000	4.758322	0
0.265000	4.749612	0
0.266000	4.738026	0
0.267000	4.737389	0
0.268000	4.742255	0
0.269000	4.752308	0
0.270000	4.742166	0
0.271000	4.766090	0
0.272000	4.776139	0
0.273000	4.801617	0
0.274000	4.793321	0
0.275000	4.758881	0
0.276000	4.752976	0
0.277000	4.768331	0
0.278000	4.777656	0
0.279000	4.775549	0
0.280000	4.788062	0
0.281000	4.786293	0
0.282000	4.790546	0
0.283000	4.750876	0
0.284000	4.750155	0
0.285000	4.740070	0
0.286000	4.746780	0
0.287000	4.757523	0
0.288000	4.762872	0
0.289000	4.775085	0
0.290000	4.765062	0
0.291000	4.770466	0
0.292000	4.762303	0
0.293000	4.775938	0
0.294000	4.783145	0
0.295000	4.781668	0
0.296000	4.783299	0
0.297000	4.786635	0
0.298000	4.793661	0
0.299000	4.776275	0
0.300000	4.783705	0
0.301000	4.785389	0
0.302000	4.797342	0
0.303000	4.793776	0
0.304000	4.793384	0
0.305000	4.803620	0
0.306000	4.822488	0
0.307000	4.809041	0
0.308000	4.794924	0
0.309000	4.793692	0
0.310000	4.818871	0
0.311000	4.805873	0
0.312000	4.817342	0
0.313000	4.815311	0
0.314000	4.811509	0
0.315000	4.821878	0
0.316000	4.811320	0
0.317000	4.792124	0
0.318000	4.779971	0
0.319000	4.780039	0
0.320000	4.770319	0
0.321000	4.795738	0
0.322000	4.797870	0
0.323000	4.804811	0
0.324000	4.796574	0
0.325000	4.773303	0
0.326000	4.769996	0
0.327000	4.773643	0
0.328000	4.773350	0
0.329000	4.791375	0
0.330000	4.790570	0
0.331000	4.783423	0
0.332000	4.767423	0
0.333000	4.779644	0
0.334000	4.757868	0
0.335000	4.760681	0
0.336000	4.774494	0
0.337000	4.777802	0
0.338000	4.790282	0
0.339000	4.796178	0
0.340000	4.795885	0
0.341000	4.783224	0
0.342000	4.808855	0
0.343000	4.789788	0
0.344000	4.785917	0
0.345000	4.788957	0
0.346000	4.777549	0
0.347000	4.762723	0
0.348000	4.790405	0
0.349000	4.794285	0
0.350000	4.773247	0
0.351000	4.793757	0
0.352000	4.789981	0
0.353000	4.778500	0
0.354000	4.794837	0
0.355000	4.818730	0
0.356000	4.795251	0
0.357000	4.811728	0
0.358000	4.818644	0
0.359000	4.785216	0
0.360000	4.792993	0
0.361000	4.810447	0
0.362000	4.802628	0
0.363000	4.799545	0
0.364000	4.805873	0
0.365000	4.804626	0
0.366000	4.789599	0
0.367000	4.763323	0
0.368000	4.794191	0
0.369000	4.795998	0
0.370000	4.782165	0
0.371000	4.772668	0
0.372000	4.781655	0
0.373000	4.784377	0
0.374000	4.780703	0
0.375000	4.772637	0
0.376000	4.779228	0
0.377000	4.789667	0
0.378000	4.785383	0
0.379000	4.786182	0
0.380000	4.786320	0
0.381000	4.797796	0
0.382000	4.797189	0
0.383000	4.810666	0
0.384000	4.781921	0
0.385000	4.793378	0
0.386000	4.792876	0
0.387000	4.800733	0
0.388000	4.808026	0
0.389000	4.777361	0
0.390000	4.797693	0
0.391000	4.784064	0
0.392000	4.781586	0
0.393000	4.769715	0
0.394000	4.785540	0
0.395000	4.780734	0
0.396000	4.780111	0
0.397000	4.789260	0
0.398000	4.774732	0
0.399000	4.780391	0
0.400000	4.767398	0
0.401000	4.776775	0
0.402000	4.782539	0
0.403000	4.789901	0
0.404000	4.794532	0
0.405000	4.793975	0
0.406000	4.788615	0
0.407000	4.797285	0
0.408000	4.795606	0
0.409000	4.789299	0
0.410000	4.813836	0
0.411000	4.802040	0
0.412000	4.786030	0
0.413000	4.782159	0
0.414000	4.776911	0
0.415000	4.792108	0
0.416000	4.772218	0
0.417000	4.777607	0
0.418000	4.771232	0
0.419000	4.767754	0
0.420000	4.775543	0
0.421000	4.780717	0
0.422000	4.792038	0
0.423000	4.804409	0
0.424000	4.783162	0
0.425000	4.789889	0
0.426000	4.759723	0
0.427000	4.767106	0
0.428000	4.794317	0
0.429000	4.798493	0
0.430000	4.787046	0
0.431000	4.775783	0
0.432000	4.779607	0
0.433000	4.762123	0
0.434000	4.770596	0
0.435000	4.784245	0
0.436000	4.787415	0
0.437000	4.791172	0
0.438000	4.775113	0
0.439000	4.800320	0
0.440000	4.797542	0
0.441000	4.787374	0
0.442000	4.780648	0
0.443000	4.780650	0
0.444000	4.788804	0
0.445000	4.803365	0
0.446000	4.798257	0
0.447000	4.789780	0
0.448000	4.808166	0
0.449000	4.803123	0
0.450000	4.770066	0
0.451000	4.801479	0
0.452000	4.793400	0
0.453000	4.792269	0
0.454000	4.792416	0
0.455000	4.777062	0
0.456000	4.782531	0
0.457000	4.797658	0
0.458000	4.792092	0
0.459000	4.787993	0
0.460000	4.770547	0
0.461000	4.771530	0
0.462000	4.787751	0
0.463000	4.796925	0
0.464000	4.799312	0
0.465000	4.792964	0
0.466000	4.783521	0
0.467000	4.792271	0
0.468000	4.788029	0
0.469000	4.778798	0
0.470000	4.769862	0
0.471000	4.776873	0
0.472000	4.765417	0
0.473000	4.770681	0
0.474000	4.772002	0
0.475000	4.742256	0
0.476000	4.793713	0
0.477000	4.767665	0
0.478000	4.753407	0
0.479000	4.760547	0
0.480000	4.777026	0
0.481000	4.800808	0
0.482000	4.815030	0
0.483000	4.831689	0
0.484000	4.813283	0
0.485000	4.824130	0
0.486000	4.810873	0
0.487000	4.816092	0
0.488000	4.815507	0
0.489000	4.834956	0
0.490000	4.816173	0
0.491000	4.826220	0
0.492000	4.815688	0
0.493000	4.783256	0
0.494000	4.802736	0
0.495000	4.789852	0
0.496000	4.798581	0
0.497000	4.788203	0
0.498000	4.814195	0
0.499000	4.785185	0
0.500000	4.793794	0
0.501000	4.783758	0
0.502000	4.807008	0
0.503000	4.792207	0
0.504000	4.801557	0
0.505000	4.774771	0
0.506000	4.789995	0
0.507000	4.812716	0
0.508000	4.792704	0
0.509000	4.791076	0
0.510000	4.770986	0
0.511000	4.775997	0
0.512000	4.762362	0
0.513000	4.774826	0
0.514000	4.772244	0
0.515000	4.803984	0
0.516000	4.800052	0
0.517000	4.810469	0
0.518000	4.784379	0
0.519000	4.783142	0
0.520000	4.795865	0
0.521000	4.792706	0
0.522000	4.816610	0
0.523000	4.802951	0
0.524000	4.827718	0
0.525000	4.829266	0
0.526000	4.831622	0
0.527000	4.830556	0
0.528000	4.838817	0
0.529000	4.828888	0
0.530000	4.820192	0
0.531000	4.828207	0
0.532000	4.826070	0
0.533000	4.819354	0
0.534000	4.815881	0
0.535000	4.823985	0
0.536000	4.836270	0
0.537000	4.830311	0
0.538000	4.812961	0
0.539000	4.819864	0
0.540000	4.815982	0
0.541000	4.826595	0
0.542000	4.842749	0
0.543000	4.822574	0
0.544000	4.817305	0
0.545000	4.819810	0
0.546000	4.812048	0
0.547000	4.808453	0
0.548000	4.802907	0
0.549000	4.810298	0
0.550000	4.798198	0
0.551000	4.827042	0
0.552000	4.825316	0
0.553000	4.797728	0
0.554000	4.797372	0
0.555000	4.821129	0
0.556000	4.781649	0
0.557000	4.790942	0
0.558000	4.791274	0
0.559000	4.786912	0
0.560000	4.812884	0
0.561000	4.825619	0
0.562000	4.809983	0
0.563000	4.821397	0
0.564000	4.821167	0
0.565000	4.816349	0
0.566000	4.807244	0
0.567000	4.807774	0
0.568000	4.793808	0
0.569000	4.782049	0
0.570000	4.762687	0
0.571000	4.775422	0
0.572000	4.766598	0
0.573000	4.765756	0
0.574000	4.780419	0
0.575000	4.781803	0
0.576000	4.792618	0
0.577000	4.787737	0
0.578000	4.774950	0
0.579000	4.794328	0
0.580000	4.809878	0
0.581000	4.823887	0
0.582000	4.828827	0
0.583000	4.827051	0
0.584000	4.832651	0
0.585000	4.804714	0
0.586000	4.811495	0
0.587000	4.816301	0
0.588000	4.809741	0
0.589000	4.827184	0
0.590000	4.826440	0
0.591000	4.822232	0
0.592000	4.844238	0
0.593000	4.832493	0
0.594000	4.819537	0
0.595000	4.822277	0
0.596000	4.815015	0
0.597000	4.792891	0
0.598000	4.814905	0
0.599000	4.799698	0
0.600000	4.792320	0
0.601000	4.842974	0
0.602000	4.848043	0
0.603000	4.823779	0
0.604000	4.820089	0
0.605000	4.829745	0
0.606000	4.818291	0
0.607000	4.856427	0
0.608000	4.841834	0
0.609000	4.843028	0
0.610000	4.828632	0
0.611000	4.810133	0
0.612000	4.840480	0
0.613000	4.839489	0
0.614000	4.837106	0
0.615000	4.843980	0
0.616000	4.832255	0
0.617000	4.839849	0
0.618000	4.846358	0
0.619000	4.839593	0
0.620000	4.813440	0
0.621000	4.821432	0
0.622000	4.813725	0
0.623000	4.807819	0
0.624000	4.840603	0
0.625000	4.835949	0
0.626000	4.838483	0
0.627000	4.846670	0
0.628000	4.855233	0
0.629000	4.847134	0
0.630000	4.841155	0
0.631000	4.837232	0
0.632000	4.830936	0
0.633000	4.843009	0
0.634000	4.858680	0
0.635000	4.838684	0
0.636000	4.869503	0
0.637000	4.865219	0
0.638000	4.868334	0
0.639000	4.840380	0
0.640000	4.855143	0
0.641000	4.856269	0
0.642000	4.861656	0
0.643000	4.835970	0
0.644000	4.843191	0
0.645000	4.824555	0
0.646000	4.855356	0
0.647000	4.833555	0
0.648000	4.836986	0
0.649000	4.851332	0
0.650000	4.837707	0
0.651000	4.841945	0
0.652000	4.836296	0
0.653000	4.835561	0
0.654000	4.820071	0
0.655000	4.790260	0
0.656000	4.802950	0
0.657000	4.802344	0
0.658000	4.831227	0
0.659000	4.830219	0
0.660000	4.850593	0
0.661000	4.850736	0
0.662000	4.809320	0
0.663000	4.838822	0
0.664000	4.833557	0
0.665000	4.828851	0
0.666000	4.819895	0
0.667000	4.822413	0
0.668000	4.817226	0
0.669000	4.813222	0
0.670000	4.806013	0
0.671000	4.814806	0
0.672000	4.810811	0
0.673000	4.809325	0
0.674000	4.819735	0
0.675000	4.827464	0
0.676000	4.812145	0
0.677000	4.816351	0
0.678000	4.816581	0
0.679000	4.813211	0
0.680000	4.815840	0
0.681000	4.809725	0
0.682000	4.805361	0
0.683000	4.827188	0
0.684000	4.816826	0
0.685000	4.822026	0
0.686000	4.823113	0
0.687000	4.855448	0
0.688000	4.828906	0
0.689000	4.802967	0
0.690000	4.803855	0
0.691000	4.812416	0
0.692000	4.810401	0
0.693000	4.792146	0
0.694000	4.803497	0
0.695000	4.797425	0
0.696000	4.790023	0
0.697000	4.785704	0
0.698000	4.797100	0
0.699000	4.778648	0
0.700000	4.791716	0
0.701000	4.787942	0
0.702000	4.792658	0
0.703000	4.783387	0
0.704000	4.790091	0
0.705000	4.806146	0
0.706000	4.800735	0
0.707000	4.798987	0
0.708000	4.787075	0
0.709000	4.767755	0
0.710000	4.754772	0
0.711000	4.760262	0
0.712000	4.766300	0
0.713000	4.784568	0
0.714000	4.791473	0
0.715000	4.786182	0
0.716000	4.784914	0
0.717000	4.806076	0
0.718000	4.798258	0
0.719000	4.826087	0
0.720000	4.824582	0
0.721000	4.779196	0
0.722000	4.793259	0
0.723000	4.769842	0
0.724000	4.770950	0
0.725000	4.773407	0
0.726000	4.783598	0
0.727000	4.810675	0
0.728000	4.776128	0
0.729000	4.786554	0
0.730000	4.775620	0
0.731000	4.798358	0
0.732000	4.792753	0
0.733000	4.789547	0
0.734000	4.782193	0
0.735000	4.803864	0
0.736000	4.817098	0
0.737000	4.806097	0
0.738000	4.796501	0
0.739000	4.810499	0
0.740000	4.821371	0
0.741000	4.810753	0
0.742000	4.815042	0
0.743000	4.795606	0
0.744000	4.778349	0
0.745000	4.803227	0
0.746000	4.795261	0
0.747000	4.782035	0
0.748000	4.786330	0
0.749000	4.789314	0
0.750000	4.794237	0
0.751000	4.774695	0
0.752000	4.783272	0
0.753000	4.808287	0
0.754000	4.813187	0
0.755000	4.828695	0
0.756000	4.821840	0
0.757000	4.787751	0
0.758000	4.796898	0
0.759000	4.772676	0
0.760000	4.794949	0
0.761000	4.802818	0
0.762000	4.802700	0
0.763000	4.811554	0
0.764000	4.809148	0
0.765000	4.816983	0
0.766000	4.805072	0
0.767000	4.811448	0
0.768000	4.797050	0
0.769000	4.814082	0
0.770000	4.798437	0
0.771000	4.816013	0
0.772000	4.834009	0
0.773000	4.830020	0
0.774000	4.806949	0
0.775000	4.803096	0
0.776000	4.816280	0
0.777000	4.813605	0
0.778000	4.825367	0
0.779000	4.824991	0
0.780000	4.803660	0
0.781000	4.821371	0
0.782000	4.822825	0
0.783000	4.801123	0
0.784000	4.832051	0
0.785000	4.818306	0
0.786000	4.825054	0
0.787000	4.793594	0
0.788000	4.827850	0
0.789000	4.816462	0
0.790000	4.812143	0
0.791000	4.846495	0
0.792000	4.837922	0
0.793000	4.811349	0
0.794000	4.803059	0
0.795000	4.815029	0
0.796000	4.782442	0
0.797000	4.812804	0
0.798000	4.814513	0
0.799000	4.829247	0
0.800000	4.800830	0
0.801000	4.800523	0
0.802000	4.803287	0
0.803000	4.814681	0
0.804000	4.787783	0
0.805000	4.807012	0
0.806000	4.810824	0
0.807000	4.805441	0
0.808000	4.818932	0
0.809000	4.827869	0
0.810000	4.821674	0
0.811000	4.838228	0
0.812000	4.804583	0
0.813000	4.809964	0
0.814000	4.802370	0
0.815000	4.786346	0
0.816000	4.803087	0
0.817000	4.798639	0
0.818000	4.768541	0
0.819000	4.775684	0
0.820000	4.802387	0
0.821000	4.794218	0
0.822000	4.794481	0
0.823000	4.805150	0
0.824000	4.797941	0
0.825000	4.793386	0
0.826000	4.801657	0
0.827000	4.811658	0
0.828000	4.827844	0
0.829000	4.831865	0
0.830000	4.835555	0
0.831000	4.840479	0
0.832000	4.823220	0
0.833000	4.835943	0
0.834000	4.852062	0
0.835000	4.857185	0
0.836000	4.859984	0
0.837000	4.864269	0
0.838000	4.851034	0
0.839000	4.854408	0
0.840000	4.834566	0
0.841000	4.852787	0
0.842000	4.812450	0
0.843000	4.844267	0
0.844000	4.830421	0
0.845000	4.841805	0
0.846000	4.829806	0
0.847000	4.847337	0
0.848000	4.822633	0
0.849000	4.829291	0
0.850000	4.846564	0
0.851000	4.834423	0
0.852000	4.854011	0
0.853000	4.850376	0
0.854000	4.839458	0
0.855000	4.840208	0
0.856000	4.846818	0
0.857000	4.835440	0
0.858000	4.872856	0
0.859000	4.866182	0
0.860000	4.853429	0
0.861000	4.850450	0
0.862000	4.837882	0
0.863000	4.850146	0
0.864000	4.853871	0
0.865000	4.875499	0
0.866000	4.860627	0
0.867000	4.857104	0
0.868000	4.861313	0
0.869000	4.864646	0
0.870000	4.836482	0
0.871000	4.829907	0
0.872000	4.818763	0
0.873000	4.811856	0
0.874000	4.804803	0
0.875000	4.835051	0
0.876000	4.838692	0
0.877000	4.848382	0
0.878000	4.849006	0
0.879000	4.822690	0
0.880000	4.851646	0
0.881000	4.835561	0
0.882000	4.869688	0
0.883000	4.847155	0
0.884000	4.847084	0
0.885000	4.848764	0
0.886000	4.855031	0
0.887000	4.836526	0
0.888000	4.848384	0
0.889000	4.825755	0
0.890000	4.821715	0
0.891000	4.852123	0
0.892000	4.850272	0
0.893000	4.862682	0
0.894000	4.842903	0
0.895000	4.858316	0
0.896000	4.837605	0
0.897000	4.811510	0
0.898000	4.810717	0
0.899000	4.804418	0
0.900000	4.831910	0
0.901000	4.839531	0
0.902000	4.830849	0
0.903000	4.815397	0
0.904000	4.805162	0
0.905000	4.820015	0
0.906000	4.813786	0
0.907000	4.818390	0
0.908000	4.834511	0
0.909000	4.804415	0
0.910000	4.829919	0
0.911000	4.838147	0
0.912000	4.833657	0
0.913000	4.833658	0
0.914000	4.827154	0
0.915000	4.807377	0
0.916000	4.823653	0
0.917000	4.825914	0
0.918000	4.832655	0
0.919000	4.824298	0
0.920000	4.828697	0
0.921000	4.863125	0
0.922000	4.858466	0
0.923000	4.846098	0
0.924000	4.840445	0
0.925000	4.839239	0
0.926000	4.824034	0
0.927000	4.808288	0
0.928000	4.795826	0
0.929000	4.803563	0
0.930000	4.802378	0
0.931000	4.811829	0
0.932000	4.805655	0
0.933000	4.818476	0
0.934000	4.834135	0
0.935000	4.828390	0
0.936000	4.818912	0
0.937000	4.834382	0
0.938000	4.814466	0
0.939000	4.840898	0
0.940000	4.836625	0
0.941000	4.832382	0
0.942000	4.833168	0
0.943000	4.828582	0
0.944000	4.817725	0
0.945000	4.818108	0
0.946000	4.813606	0
0.947000	4.807217	0
0.948000	4.798941	0
0.949000	4.795348	0
0.950000	4.798720	0
0.951000	4.800604	0
0.952000	4.795158	0
0.953000	4.784844	0
0.954000	4.808160	0
0.955000	4.834423	0
0.956000	4.814429	0
0.957000	4.840619	0
0.958000	4.851865	0
0.959000	4.838314	0
0.960000	4.842947	0
0.961000	4.815487	0
0.962000	4.825852	0
0.963000	4.831723	0
0.964000	4.821365	0
0.965000	4.818406	0
0.966000	4.816218	0
0.967000	4.841613	0
0.968000	4.839920	0
0.969000	4.815958	0
0.970000	4.832552	0
0.971000	4.815657	0
0.972000	4.822419	0
0.973000	4.838756	0
0.974000	4.835361	0
0.975000	4.833489	0
0.976000	4.849870	0
0.977000	4.824057	0
0.978000	4.845893	0
0.979000	4.830871	0
0.980000	4.839676	0
0.981000	4.855665	0
0.982000	4.854287	0
0.983000	4.832056	0
0.984000	4.821507	0
0.985000	4.815369	0
0.986000	4.823613	0
0.987000	4.811761	0
0.988000	4.823894	0
0.989000	4.804584	0
0.990000	4.819526	0
0.991000	4.823999	0
0.992000	4.836053	0
0.993000	4.848257	0
0.994000	4.851980	0
0.995000	4.844939	0
0.996000	4.850527	0
0.997000	4.846166	0
0.998000	4.847062	0
0.999000	4.832769	0
1.000000	4.817416	0
1.001000	4.801621	0
1.002000	4.775501	0
1.003000	4.783064	0
1.004000	4.805139	0
1.005000	4.792086	0
1.006000	4.816069	0
1.007000	4.798448	0
1.008000	4.782874	0
1.009000	4.795335	0
1.010000	4.783076	0
1.011000	4.793289	0
1.012000	4.794876	0
1.013000	4.783501	0
1.014000	4.801126	0
1.015000	4.784592	0
1.016000	4.773403	0
1.017000	4.788323	0
1.018000	4.783832	0
1.019000	4.778932	0
1.020000	4.779671	0
1.021000	4.792570	0
1.022000	4.801930	0
1.023000	4.817088	0
1.024000	4.819290	0
1.025000	4.795120	0
1.026000	4.790201	0
1.027000	4.816784	0
1.028000	4.799450	0
1.029000	4.827281	0
1.030000	4.820481	0
1.031000	4.797073	0
1.032000	4.828363	0
1.033000	4.842904	0
1.034000	4.807614	0
1.035000	4.798007	0
1.036000	4.826983	0
1.037000	4.788337	0
1.038000	4.791561	0
1.039000	4.788775	0
1.040000	4.784844	0
1.041000	4.793531	0
1.042000	4.791107	0
1.043000	4.789937	0
1.044000	4.786948	0
1.045000	4.797729	0
1.046000	4.789173	0
1.047000	4.809636	0
1.048000	4.810946	0
1.049000	4.795615	0
1.050000	4.789039	0
1.051000	4.775460	0
1.052000	4.778720	0
1.053000	4.791666	0
1.054000	4.805914	0
1.055000	4.829277	0
1.056000	4.797078	0
1.057000	4.818959	0
1.058000	4.810324	0
1.059000	4.800303	0
1.060000	4.801612	0
1.061000	4.802434	0
1.062000	4.816745	0
1.063000	4.805760	0
1.064000	4.799893	0
1.065000	4.815571	0
1.066000	4.830618	0
1.067000	4.817340	0
1.068000	4.826709	0
1.069000	4.824727	0
1.070000	4.813899	0
1.071000	4.799618	0
1.072000	4.807876	0
1.073000	4.796093	0
1.074000	4.808129	0
1.075000	4.794607	0
1.076000	4.798682	0
1.077000	4.833178	0
1.078000	4.815089	0
1.079000	4.824433	0
1.080000	4.822147	0
1.081000	4.821966	0
1.082000	4.844225	0
1.083000	4.836419	0
1.084000	4.838394	0
1.085000	4.819442	0
1.086000	4.811717	0
1.087000	4.810901	0
1.088000	4.811814	0
1.089000	4.825599	0
1.090000	4.805569	0
1.091000	4.807044	0
1.092000	4.799166	0
1.093000	4.841873	0
1.094000	4.799731	0
1.095000	4.798924	0
1.096000	4.788080	0
1.097000	4.791724	0
1.098000	4.788550	0
1.099000	4.785077	0
1.100000	4.778712	0
1.101000	4.771585	0
1.102000	4.775329	0
1.103000	4.755037	0
1.104000	4.780426	0
1.105000	4.795223	0
1.106000	4.789883	0
1.107000	4.804495	0
1.108000	4.818597	0
1.109000	4.822715	0
1.110000	4.821359	0
1.111000	4.803519	0
1.112000	4.815953	0
1.113000	4.815544	0
1.114000	4.818184	0
1.115000	4.810021	0
1.116000	4.810230	0
1.117000	4.820031	0
1.118000	4.810856	0
1.119000	4.799547	0
1.120000	4.799842	0
1.121000	4.789735	0
1.122000	4.801422	0
1.123000	4.814470	0
1.124000	4.826897	0
1.125000	4.812899	0
1.126000	4.827690	0
1.127000	4.807799	0
1.128000	4.793011	0
1.129000	4.819564	0
1.130000	4.798532	0
1.131000	4.814749	0
1.132000	4.818748	0
1.133000	4.822885	0
1.134000	4.810193	0
1.135000	4.840173	0
1.136000	4.842665	0
1.137000	4.802733	0
1.138000	4.801624	0
1.139000	4.800535	0
1.140000	4.809533	0
1.141000	4.815796	0
1.142000	4.800882	0
1.143000	4.825981	0
1.144000	4.804889	0
1.145000	4.805248	0
1.146000	4.807813	0
1.147000	4.805794	0
1.148000	4.805182	0
1.149000	4.819155	0
1.150000	4.791612	0
1.151000	4.779767	0
1.152000	4.787142	0
1.153000	4.795913	0
1.154000	4.808733	0
1.155000	4.774148	0
1.156000	4.793552	0
1.157000	4.815813	0
1.158000	4.813286	0
1.159000	4.797077	0
1.160000	4.787792	0
1.161000	4.795552	0
1.162000	4.776001	0
1.163000	4.768266	0
1.164000	4.781984	0
1.165000	4.779081	0
1.166000	4.800411	0
1.167000	4.782326	0
1.168000	4.784652	0
1.169000	4.796578	0
1.170000	4.783194	0
1.171000	4.791265	0
1.172000	4.798839	0
1.173000	4.821503	0
1.174000	4.819624	0
1.175000	4.806087	0
1.176000	4.807728	0
1.177000	4.826595	0
1.178000	4.816597	0
1.179000	4.845033	0
1.180000	4.840205	0
1.181000	4.835048	0
1.182000	4.835206	0
1.183000	4.835524	0
1.184000	4.830721	0
1.185000	4.833559	0
1.186000	4.841649	0
1.187000	4.824748	0
1.188000	4.815024	0
1.189000	4.816800	0
1.190000	4.829887	0
1.191000	4.834557	0
1.192000	4.854338	0
1.193000	4.854634	0
1.194000	4.878004	0
1.195000	4.861740	0
1.196000	4.858805	0
1.197000	4.855056	0
1.198000	4.852411	0
1.199000	4.834722	0
1.200000	4.816749	0
1.201000	4.814757	0
1.202000	4.819811	0
1.203000	4.807723	0
1.204000	4.818207	0
1.205000	4.838131	0
1.206000	4.832551	0
1.207000	4.835822	0
1.208000	4.828257	0
1.209000	4.855174	0
1.210000	4.846754	0
1.211000	4.835899	0
1.212000	4.822322	0
1.213000	4.833196	0
1.214000	4.829998	0
1.215000	4.843204	0
1.216000	4.840024	0
1.217000	4.837945	0
1.218000	4.827471	0
1.219000	4.838345	0
1.220000	4.836986	0
1.221000	4.846150	0
1.222000	4.848352	0
1.223000	4.823346	0
1.224000	4.828961	0
1.225000	4.825440	0
1.226000	4.801611	0
1.227000	4.812250	0
1.228000	4.841540	0
1.229000	4.833029	0
1.230000	4.848342	0
1.231000	4.831305	0
1.232000	4.840800	0
1.233000	4.820638	0
1.234000	4.847262	0
1.235000	4.862440	0
1.236000	4.873617	0
1.237000	4.841133	0
1.238000	4.832487	0
1.239000	4.836055	0
1.240000	4.833500	0
1.241000	4.807906	0
1.242000	4.843793	0
1.243000	4.821840	0
1.244000	4.818149	0
1.245000	4.824658	0
1.246000	4.832467	0
1.247000	4.821881	0
1.248000	4.817738	0
1.249000	4.814494	0
1.250000	4.842982	0
1.251000	4.843554	0
1.252000	4.849329	0
1.253000	4.840372	0
1.254000	4.852638	0
1.255000	4.840004	0
1.256000	4.807555	0
1.257000	4.847134	0
1.258000	4.821008	0
1.259000	4.823613	0
1.260000	4.833647	0
1.261000	4.833247	0
1.262000	4.816698	0
1.263000	4.813606	0
1.264000	4.816821	0
1.265000	4.818262	0
1.266000	4.814591	0
1.267000	4.841592	0
1.268000	4.815050	0
1.269000	4.807132	0
1.270000	4.787877	0
1.271000	4.791862	0
1.272000	4.794148	0
1.273000	4.793974	0
1.274000	4.806372	0
1.275000	4.793653	0
1.276000	4.807564	0
1.277000	4.779967	0
1.278000	4.802863	0
1.279000	4.821832	0
1.280000	4.825891	0
1.281000	4.806436	0
1.282000	4.820242	0
1.283000	4.803006	0
1.284000	4.813580	0
1.285000	4.807448	0
1.286000	4.826317	0
1.287000	4.828908	0
1.288000	4.847706	0
1.289000	4.850186	0
1.290000	4.848186	0
1.291000	4.823047	0
1.292000	4.794525	0
1.293000	4.802339	0
1.294000	4.790040	0
1.295000	4.783048	0
1.296000	4.786374	0
1.297000	4.793049	0
1.298000	4.804210	0
1.299000	4.809670	0
1.300000	4.838440	0
1.301000	4.809417	0
1.302000	4.824366	0
1.303000	4.800823	0
1.304000	4.820414	0
1.305000	4.830126	0
1.306000	4.811437	0
1.307000	4.803742	0
1.308000	4.808631	0
1.309000	4.819164	0
1.310000	4.814616	0
1.311000	4.826662	0
1.312000	4.829857	0
1.313000	4.821609	0
1.314000	4.820654	0
1.315000	4.846025	0
1.316000	4.815366	0
1.317000	4.801434	0
1.318000	4.832260	0
1.319000	4.831845	0
1.320000	4.807381	0
1.321000	4.828371	0
1.322000	4.826228	0
1.323000	4.806832	0
1.324000	4.792050	0
1.325000	4.801360	0
1.326000	4.822024	0
1.327000	4.813090	0
1.328000	4.797724	0
1.329000	4.794261	0
1.330000	4.811280	0
1.331000	4.790871	0
1.332000	4.790576	0
1.333000	4.809085	0
1.334000	4.820166	0
1.335000	4.824648	0
1.336000	4.846336	0
1.337000	4.815341	0
1.338000	4.812995	0
1.339000	4.821624	0
1.340000	4.838804	0
1.341000	4.827617	0
1.342000	4.832543	0
1.343000	4.834306	0
1.344000	4.813759	0
1.345000	4.810040	0
1.346000	4.800316	0
1.347000	4.844444	0
1.348000	4.829790	0
1.349000	4.819363	0
1.350000	4.819578	0
1.351000	4.828249	0
1.352000	4.828787	0
1.353000	4.835309	0
1.354000	4.815742	0
1.355000	4.811203	0
1.356000	4.828584	0
1.357000	4.836321	0
1.358000	4.831986	0
1.359000	4.821108	0
1.360000	4.832358	0
1.361000	4.826354	0
1.362000	4.815820	0
1.363000	4.807320	0
1.364000	4.799842	0
1.365000	4.789135	0
1.366000	4.789468	0
1.367000	4.786793	0
1.368000	4.818385	0
1.369000	4.812316	0
1.370000	4.814413	0
1.371000	4.817348	0
1.372000	4.801791	0
1.373000	4.799506	0
1.374000	4.768642	0
1.375000	4.804730	0
1.376000	4.813706	0
1.377000	4.806419	0
1.378000	4.807972	0
1.379000	4.795187	0
1.380000	4.813839	0
1.381000	4.820154	0
1.382000	4.804874	0
1.383000	4.805500	0
1.384000	4.812018	0
1.385000	4.804902	0
1.386000	4.797115	0
1.387000	4.805843	0
1.388000	4.815400	0
1.389000	4.788180	0
1.390000	4.780987	0
1.391000	4.781055	0
1.392000	4.807586	0
1.393000	4.785250	0
1.394000	4.806867	0
1.395000	4.783822	0
1.396000	4.781334	0
1.397000	4.780836	0
1.398000	4.784327	0
1.399000	4.793175	0
1.400000	4.783583	0
1.401000	4.797392	0
1.402000	4.780975	0
1.403000	4.794014	0
1.404000	4.796963	0
1.405000	4.798264	0
1.406000	4.810421	0
1.407000	4.816481	0
1.408000	4.810219	0
1.409000	4.825210	0
1.410000	4.808622	0
1.411000	4.830229	0
1.412000	4.803369	0
1.413000	4.802155	0
1.414000	4.786539	0
1.415000	4.819736	0
1.416000	4.832998	0
1.417000	4.834889	0
1.418000	4.835713	0
1.419000	4.806514	0
1.420000	4.805628	0
1.421000	4.821438	0
1.422000	4.827276	0
1.423000	4.800272	0
1.424000	4.830304	0
1.425000	4.833713	0
1.426000	4.831706	0
1.427000	4.821908	0
1.428000	4.832474	0
1.429000	4.837626	0
1.430000	4.821414	0
1.431000	4.841898	0
1.432000	4.835104	0
1.433000	4.804294	0
1.434000	4.820098	0
1.435000	4.801214	0
1.436000	4.786147	0
1.437000	4.812104	0
1.438000	4.815375	0
1.439000	4.793907	0
1.440000	4.780476	0
1.441000	4.762097	0
1.442000	4.800808	0
1.443000	4.814343	0
1.444000	4.825444	0
1.445000	4.812644	0
1.446000	4.812447	0
1.447000	4.818095	0
1.448000	4.832767	0
1.449000	4.836289	0
1.450000	4.817326	0
1.451000	4.844621	0
1.452000	4.818818	0
1.453000	4.836262	0
1.454000	4.828039	0
1.455000	4.843494	0
1.456000	4.854687	0
1.457000	4.844312	0
1.458000	4.829336	0
1.459000	4.815911	0
1.460000	4.819280	0
1.461000	4.815812	0
1.462000	4.807476	0
1.463000	4.810761	0
1.464000	4.813983	0
1.465000	4.819346	0
1.466000	4.816660	0
1.467000	4.823824	0
1.468000	4.823888	0
1.469000	4.801996	0
1.470000	4.797904	0
1.471000	4.789417	0
1.472000	4.806216	0
1.473000	4.808923	0
1.474000	4.787327	0
1.475000	4.815636	0
1.476000	4.813533	0
1.477000	4.793652	0
1.478000	4.805659	0
1.479000	4.853431	0
1.480000	4.836457	0
1.481000	4.829395	0
1.482000	4.844731	0
1.483000	4.809833	0
1.484000	4.809313	0
1.485000	4.808595	0
1.486000	4.814863	0
1.487000	4.817347	0
1.488000	4.805073	0
1.489000	4.800992	0
1.490000	4.792832	0
1.491000	4.822729	0
1.492000	4.805805	0
1.493000	4.805778	0
1.494000	4.786870	0
1.495000	4.785521	0
1.496000	4.804438	0
1.497000	4.807204	0
1.498000	4.814160	0
1.499000	4.792341	0
1.500000	4.787566	0
1.501000	4.801963	0
1.502000	4.786252	0
1.503000	4.798273	0
1.504000	4.798499	0
1.505000	4.779904	0
1.506000	4.792024	0
1.507000	4.784687	0
1.508000	4.760653	0
1.509000	4.801780	0
1.510000	4.764540	0
1.511000	4.780959	0
1.512000	4.789078	0
1.513000	4.807364	0
1.514000	4.808413	0
1.515000	4.832894	0
1.516000	4.805299	0
1.517000	4.825857	0
1.518000	4.838272	0
1.519000	4.813507	0
1.520000	4.825095	0
1.521000	4.828726	0
1.522000	4.803181	0
1.523000	4.805068	0
1.524000	4.816320	0
1.525000	4.797311	0
1.526000	4.844904	0
1.527000	4.857633	0
1.528000	4.828073	0
1.529000	4.855134	0
1.530000	4.849042	0
1.531000	4.849686	0
1.532000	4.854594	0
1.533000	4.851567	0
1.534000	4.845918	0
1.535000	4.865422	0
1.536000	4.862379	0
1.537000	4.831665	0
1.538000	4.864596	0
1.539000	4.875385	0
1.540000	4.858887	0
1.541000	4.865614	0
1.542000	4.869095	0
1.543000	4.890838	0
1.544000	4.878697	0
1.545000	4.856705	0
1.546000	4.852351	0
1.547000	4.832757	0
1.548000	4.848989	0
1.549000	4.863435	0
1.550000	4.886662	0
1.551000	4.870971	0
1.552000	4.891395	0
1.553000	4.876276	0
1.554000	4.866016	0
1.555000	4.867181	0
1.556000	4.880158	0
1.557000	4.886929	0
1.558000	4.873654	0
1.559000	4.892739	0
1.560000	4.890343	0
1.561000	4.853330	0
1.562000	4.861700	0
1.563000	4.865599	0
1.564000	4.850387	0
1.565000	4.841402	0
1.566000	4.839337	0
1.567000	4.853394	0
1.568000	4.841484	0
1.569000	4.830622	0
1.570000	4.824096	0
1.571000	4.832586	0
1.572000	4.849328	0
1.573000	4.864723	0
1.574000	4.855444	0
1.575000	4.874779	0
1.576000	4.909696	0
1.577000	4.898591	0
1.578000	4.883409	0
1.579000	4.883186	0
1.580000	4.889018	0
1.581000	4.888927	0
1.582000	4.876227	0
1.583000	4.877814	0
1.584000	4.847646	0
1.585000	4.882812	0
1.586000	4.884824	0
1.587000	4.847762	0
1.588000	4.866464	0
1.589000	4.900306	0
1.590000	4.896136	0
1.591000	4.879931	0
1.592000	4.903342	0
1.593000	4.883626	0
1.594000	4.877518	0
1.595000	4.892357	0
1.596000	4.874418	0
1.597000	4.889138	0
1.598000	4.874872	0
1.599000	4.874795	0
1.600000	4.889254	0
1.601000	4.863410	0
1.602000	4.881605	0
1.603000	4.851385	0
1.604000	4.834303	0
1.605000	4.853478	0
1.606000	4.850673	0
1.607000	4.854776	0
1.608000	4.832949	0
1.609000	4.836493	0
1.610000	4.842575	0
1.611000	4.842596	0
1.612000	4.844881	0
1.613000	4.855129	0
1.614000	4.862971	0
1.615000	4.824677	0
1.616000	4.831517	0
1.617000	4.845744	0
1.618000	4.853321	0
1.619000	4.854314	0
1.620000	4.866550	0
1.621000	4.857219	0
1.622000	4.867980	0
1.623000	4.870522	0
1.624000	4.907248	0
1.625000	4.884829	0
1.626000	4.878870	0
1.627000	4.850102	0
1.628000	4.863940	0
1.629000	4.871421	0
1.630000	4.880017	0
1.631000	4.915327	0
1.632000	4.894254	0
1.633000	4.927019	0
1.634000	4.893583	0
1.635000	4.878537	0
1.636000	4.885899	0
1.637000	4.885484	0
1.638000	4.884227	0
1.639000	4.891549	0
1.640000	4.878740	0
1.641000	4.856869	0
1.642000	4.871380	0
1.643000	4.874051	0
1.644000	4.875676	0
1.645000	4.885291	0
1.646000	4.865784	0
1.647000	4.856001	0
1.648000	4.862532	0
1.649000	4.861530	0
1.650000	4.864556	0
1.651000	4.858041	0
1.652000	4.851559	0
1.653000	4.876105	0
1.654000	4.867998	0
1.655000	4.866583	0
1.656000	4.868726	0
1.657000	4.852903	0
1.658000	4.864652	0
1.659000	4.869060	0
1.660000	4.846385	0
1.661000	4.850789	0
1.662000	4.837101	0
1.663000	4.847640	0
1.664000	4.837911	0
1.665000	4.828652	0
1.666000	4.849535	0
1.667000	4.858827	0
1.668000	4.841182	0
1.669000	4.830968	0
1.670000	4.853519	0
1.671000	4.855261	0
1.672000	4.844948	0
1.673000	4.878201	0
1.674000	4.891930	0
1.675000	4.856517	0
1.676000	4.895655	0
1.677000	4.896713	0
1.678000	4.888363	0
1.679000	4.892353	0
1.680000	4.878720	0
1.681000	4.865540	0
1.682000	4.859219	0
1.683000	4.879658	0
1.684000	4.881787	0
1.685000	4.855054	0
1.686000	4.852182	0
1.687000	4.809946	0
1.688000	4.829092	0
1.689000	4.864283	0
1.690000	4.862346	0
1.691000	4.853007	0
1.692000	4.841520	0
1.693000	4.873617	0
1.694000	4.846843	0
1.695000	4.819980	0
1.696000	4.812198	0
1.697000	4.824674	0
1.698000	4.827788	0
1.699000	4.818748	0
1.700000	4.808853	0
1.701000	4.811674	0
1.702000	4.808426	0
1.703000	4.815637	0
1.704000	4.790212	0
1.705000	4.814077	0
1.706000	4.806151	0
1.707000	4.809062	0
1.708000	4.800617	0
1.709000	4.793904	0
1.710000	4.799181	0
1.711000	4.811357	0
1.712000	4.826658	0
1.713000	4.805416	0
1.714000	4.816750	0
1.715000	4.816599	0
1.716000	4.828276	0
1.717000	4.829666	0
1.718000	4.814508	0
1.719000	4.831350	0
1.720000	4.824849	0
1.721000	4.827805	0
1.722000	4.819364	0
1.723000	4.792323	0
1.724000	4.804521	0
1.725000	4.821758	0
1.726000	4.830579	0
1.727000	4.800597	0
1.728000	4.821331	0
1.729000	4.807680	0
1.730000	4.793763	0
1.731000	4.794583	0
1.732000	4.776790	0
1.733000	4.773475	0
1.734000	4.801114	0
1.735000	4.777473	0
1.736000	4.782229	0
1.737000	4.788653	0
1.738000	4.773148	0
1.739000	4.788903	0
1.740000	4.761077	0
1.741000	4.767826	0
1.742000	4.778402	0
1.743000	4.789037	0
1.744000	4.789873	0
1.745000	4.791683	0
1.746000	4.803072	0
1.747000	4.797298	0
1.748000	4.808459	0
1.749000	4.831990	0
1.750000	4.827602	0
1.751000	4.800051	0
1.752000	4.805234	0
1.753000	4.798893	0
1.754000	4.801384	0
1.755000	4.785980	0
1.756000	4.811978	0
1.757000	4.806374	0
1.758000	4.785649	0
1.759000	4.794800	0
1.760000	4.816251	0
1.761000	4.816218	0
1.762000	4.830405	0
1.763000	4.810145	0
1.764000	4.795145	0
1.765000	4.792580	0
1.766000	4.803211	0
1.767000	4.807522	0
1.768000	4.834503	0
1.769000	4.796789	0
1.770000	4.804363	0
1.771000	4.805114	0
1.772000	4.821577	0
1.773000	4.829018	0
1.774000	4.821526	0
1.775000	4.829324	0
1.776000	4.803972	0
1.777000	4.799971	0
1.778000	4.828028	0
1.779000	4.827219	0
1.780000	4.805622	0
1.781000	4.803565	0
1.782000	4.805551	0
1.783000	4.825356	0
1.784000	4.856372	0
1.785000	4.815947	0
1.786000	4.811778	0
1.787000	4.822751	0
1.788000	4.836114	0
1.789000	4.825882	0
1.790000	4.838537	0
1.791000	4.842835	0
1.792000	4.835223	0
1.793000	4.838050	0
1.794000	4.855751	0
1.795000	4.825785	0
1.796000	4.812634	0
1.797000	4.799691	0
1.798000	4.799208	0
1.799000	4.817055	0
1.800000	4.819729	0
1.801000	4.807843	0
1.802000	4.827999	0
1.803000	4.812504	0
1.804000	4.803162	0
1.805000	4.815034	0
1.806000	4.794335	0
1.807000	4.781400	0
1.808000	4.813094	0
1.809000	4.801625	0
1.810000	4.814391	0
1.811000	4.793318	0
1.812000	4.801463	0
1.813000	4.830358	0
1.814000	4.817569	0
1.815000	4.825134	0
1.816000	4.803570	0
1.817000	4.837244	0
1.818000	4.826470	0
1.819000	4.822844	0
1.820000	4.828746	0
1.821000	4.826824	0
1.822000	4.830014	0
1.823000	4.850036	0
1.824000	4.865579	0
1.825000	4.858606	0
1.826000	4.832293	0
1.827000	4.849610	0
1.828000	4.856418	0
1.829000	4.862837	0
1.830000	4.856359	0
1.831000	4.837843	0
1.832000	4.835750	0
1.833000	4.827331	0
1.834000	4.823168	0
1.835000	4.846409	0
1.836000	4.850575	0
1.837000	4.865441	0
1.838000	4.872120	0
1.839000	4.850183	0
1.840000	4.848841	0
1.841000	4.870321	0
1.842000	4.874373	0
1.843000	4.872077	0
1.844000	4.846033	0
1.845000	4.865169	0
1.846000	4.860464	0
1.847000	4.866634	0
1.848000	4.855836	0
1.849000	4.835347	0
1.850000	4.867060	0
1.851000	4.881162	0
1.852000	4.861274	0
1.853000	4.850978	0
1.854000	4.869369	0
1.855000	4.868401	0
1.856000	4.884438	0
1.857000	4.858620	0
1.858000	4.845065	0
1.859000	4.845828	0
1.860000	4.841479	0
1.861000	4.852377	0
1.862000	4.871207	0
1.863000	4.865219	0
1.864000	4.853866	0
1.865000	4.835994	0
1.866000	4.848990	0
1.867000	4.870219	0
1.868000	4.883701	0
1.869000	4.857192	0
1.870000	4.855992	0
1.871000	4.841762	0
1.872000	4.820837	0
1.873000	4.827477	0
1.874000	4.822446	0
1.875000	4.810597	0
1.876000	4.813597	0
1.877000	4.830318	0
1.878000	4.811443	0
1.879000	4.828243	0
1.880000	4.822310	0
1.881000	4.802466	0
1.882000	4.826867	0
1.883000	4.805923	0
1.884000	4.821767	0
1.885000	4.815777	0
1.886000	4.813528	0
1.887000	4.812585	0
1.888000	4.824892	0
1.889000	4.826335	0
1.890000	4.796936	0
1.891000	4.797896	0
1.892000	4.819986	0
1.893000	4.803846	0
1.894000	4.776731	0
1.895000	4.796015	0
1.896000	4.791773	0
1.897000	4.809495	0
1.898000	4.786967	0
1.899000	4.775216	0
1.900000	4.794793	0
1.901000	4.768487	0
1.902000	4.788117	0
1.903000	4.802029	0
1.904000	4.815109	0
1.905000	4.811545	0
1.906000	4.813883	0
1.907000	4.818476	0
1.908000	4.812876	0
1.909000	4.830625	0
1.910000	4.793730	0
1.911000	4.799518	0
1.912000	4.791925	0
1.913000	4.796119	0
1.914000	4.767109	0
1.915000	4.767163	0
1.916000	4.783623	0
1.917000	4.790417	0
1.918000	4.772468	0
1.919000	4.800803	0
1.920000	4.799247	0
1.921000	4.773845	0
1.922000	4.778877	0
1.923000	4.780272	0
1.924000	4.785581	0
1.925000	4.786033	0
1.926000	4.782365	0
1.927000	4.771016	0
1.928000	4.777853	0
1.929000	4.767513	0
1.930000	4.796623	0
1.931000	4.813308	0
1.932000	4.800296	0
1.933000	4.809838	0
1.934000	4.757846	0
1.935000	4.792443	0
1.936000	4.781080	0
1.937000	4.788545	0
1.938000	4.790551	0
1.939000	4.780554	0
1.940000	4.781048	0
1.941000	4.782870	0
1.942000	4.800222	0
1.943000	4.780608	0
1.944000	4.786695	0
1.945000	4.801290	0
1.946000	4.810218	0
1.947000	4.794103	0
1.948000	4.796814	0
1.949000	4.830758	0
1.950000	4.815918	0
1.951000	4.800958	0
1.952000	4.818722	0
1.953000	4.836605	0
1.954000	4.808458	0
1.955000	4.837029	0
1.956000	4.822925	0
1.957000	4.827268	0
1.958000	4.824257	0
1.959000	4.813658	0
1.960000	4.815132	0
1.961000	4.853355	0
1.962000	4.832723	0
1.963000	4.823984	0
1.964000	4.820979	0
1.965000	4.847982	0
1.966000	4.813779	0
1.967000	4.834000	0
1.968000	4.820679	0
1.969000	4.817322	0
1.970000	4.830650	0
1.971000	4.832701	0
1.972000	4.827366	0
1.973000	4.821223	0
1.974000	4.804885	0
1.975000	4.838284	0
1.976000	4.827228	0
1.977000	4.864897	0
1.978000	4.835045	0
1.979000	4.834062	0
1.980000	4.815607	0
1.981000	4.833464	0
1.982000	4.829089	0
1.983000	4.828519	0
1.984000	4.814605	0
1.985000	4.822793	0
1.986000	4.814287	0
1.987000	4.815052	0
1.988000	4.812033	0
1.989000	4.813761	0
1.990000	4.799625	0
1.991000	4.822676	0
1.992000	4.823434	0
1.993000	4.822043	0
1.994000	4.823902	0
1.995000	4.832598	0
1.996000	4.842891	0
1.997000	4.835380	0
1.998000	4.824030	0
1.999000	4.838511	0
2.000000	4.843279	0
4.001000	5.596016	0
4.002000	5.547172	0
4.003000	5.482333	0
4.004000	5.454774	0
4.005000	5.401391	0
4.006000	5.391598	0
4.007000	5.364787	0
4.008000	5.304132	0
4.009000	5.284489	0
4.010000	5.250099	0
4.011000	5.241199	0
4.012000	5.200591	0
4.013000	5.185413	0
4.014000	5.176246	0
4.015000	5.159796	0
4.016000	5.170659	0
4.017000	5.167776	0
4.018000	5.174272	0
4.019000	5.170332	0
4.020000	5.145943	0
4.021000	5.123113	0
4.022000	5.138557	0
4.023000	5.150534	0
4.024000	5.119123	0
4.025000	5.086784	0
4.026000	5.067811	0
4.027000	5.077001	0
4.028000	5.077326	0
4.029000	5.082407	0
4.030000	5.057804	0
4.031000	5.057319	0
4.032000	5.063441	0
4.033000	5.048272	0
4.034000	4.981520	0
4.035000	5.042321	0
4.036000	5.063992	0
4.037000	5.030095	0
4.038000	5.040481	0
4.039000	5.030193	0
4.040000	5.006344	0
4.041000	5.029050	0
4.042000	4.990511	0
4.043000	5.009065	0
4.044000	4.999702	0
4.045000	4.974333	0
4.046000	4.969728	0
4.047000	4.965878	0
4.048000	4.969120	0
4.049000	4.953495	0
4.050000	4.952668	0
4.051000	4.945076	0
4.052000	4.927322	0
4.053000	4.958857	0
4.054000	4.926906	0
4.055000	4.917134	0
4.056000	4.915922	0
4.057000	4.929554	0
4.058000	4.903616	0
4.059000	4.928628	0
4.060000	4.891330	0
4.061000	4.904992	0
4.062000	4.934409	0
4.063000	4.925067	0
4.064000	4.922321	0
4.065000	4.908002	0
4.066000	4.924630	0
4.067000	4.933046	0
4.068000	4.904278	0
4.069000	4.949184	0
4.070000	4.926479	0
4.071000	4.930276	0
4.072000	4.938173	0
4.073000	4.930577	0
4.074000	4.908383	0
4.075000	4.887382	0
4.076000	4.885431	0
4.077000	4.890449	0
4.078000	4.881212	0
4.079000	4.919790	0
4.080000	4.912931	0
4.081000	4.891247	0
4.082000	4.914450	0
4.083000	4.923221	0
4.084000	4.907803	0
4.085000	4.910722	0
4.086000	4.900614	0
4.087000	4.888682	0
4.088000	4.862769	0
4.089000	4.920797	0
4.090000	4.911486	0
4.091000	4.901595	0
4.092000	4.919534	0
4.093000	4.889419	0
4.094000	4.897815	0
4.095000	4.910722	0
4.096000	4.909804	0
4.097000	4.895496	0
4.098000	4.886863	0
4.099000	4.871583	0
4.100000	4.875310	0
4.101000	4.877938	0
4.102000	4.838258	0
4.103000	4.863258	0
4.104000	4.880581	0
4.105000	4.858990	0
4.106000	4.876713	0
4.107000	4.877574	0
4.108000	4.876452	0
4.109000	4.830969	0
4.110000	4.845231	0
4.111000	4.858343	0
4.112000	4.851247	0
4.113000	4.845854	0
4.114000	4.868642	0
4.115000	4.848042	0
4.116000	4.835124	0
4.117000	4.866593	0
4.118000	4.846035	0
4.119000	4.855080	0
4.120000	4.836701	0
4.121000	4.830323	0
4.122000	4.837875	0
4.123000	4.828143	0
4.124000	4.830798	0
4.125000	4.855639	0
4.126000	4.835767	0
4.127000	4.841492	0
4.128000	4.857077	0
4.129000	4.864093	0
4.130000	4.869963	0
4.131000	4.858608	0
4.132000	4.878070	0
4.133000	4.856078	0
4.134000	4.865128	0
4.135000	4.857104	0
4.136000	4.855935	0
4.137000	4.871543	0
4.138000	4.871885	0
4.139000	4.889785	0
4.140000	4.852367	0
4.141000	4.867336	0
4.142000	4.847981	0
4.143000	4.865098	0
4.144000	4.862271	0
4.145000	4.859957	0
4.146000	4.863013	0
4.147000	4.859641	0
4.148000	4.880301	0
4.149000	4.901109	0
4.150000	4.884808	0
4.151000	4.872997	0
4.152000	4.884946	0
4.153000	4.867313	0
4.154000	4.855347	0
4.155000	4.854944	0
4.156000	4.851869	0
4.157000	4.840720	0
4.158000	4.862571	0
4.159000	4.846286	0
4.160000	4.838282	0
4.161000	4.857295	0
4.162000	4.854148	0
4.163000	4.859770	0
4.164000	4.879979	0
4.165000	4.869536	0
4.166000	4.885560	0
4.167000	4.877611	0
4.168000	4.878386	0
4.169000	4.881308	0
4.170000	4.859302	0
4.171000	4.856137	0
4.172000	4.868132	0
4.173000	4.862045	0
4.174000	4.864696	0
4.175000	4.856878	0
4.176000	4.845990	0
4.177000	4.858533	0
4.178000	4.875089	0
4.179000	4.868369	0
4.180000	4.836524	0
4.181000	4.819088	0
4.182000	4.839941	0
4.183000	4.818285	0
4.184000	4.811167	0
4.185000	4.831410	0
4.186000	4.848261	0
4.187000	4.855990	0
4.188000	4.845001	0
4.189000	4.824890	0
4.190000	4.832709	0
4.191000	4.839446	0
4.192000	4.824872	0
4.193000	4.843062	0
4.194000	4.852442	0
4.195000	4.833823	0
4.196000	4.831690	0
4.197000	4.859781	0
4.198000	4.859949	0
4.199000	4.866919	0
4.200000	4.873933	0
4.201000	4.870171	0
4.202000	4.869081	0
4.203000	4.861677	0
4.204000	4.846333	0
4.205000	4.859548	0
4.206000	4.848048	0
4.207000	4.853945	0
4.208000	4.831321	0
4.209000	4.837516	0
4.210000	4.836336	0
4.211000	4.837013	0
4.212000	4.865520	0
4.213000	4.837172	0
4.214000	4.848654	0
4.215000	4.831862	0
4.216000	4.830055	0
4.217000	4.820306	0
4.218000	4.841807	0
4.219000	4.831056	0
4.220000	4.843528	0
4.221000	4.860305	0
4.222000	4.857882	0
4.223000	4.840913	0
4.224000	4.881124	0
4.225000	4.855551	0
4.226000	4.853986	0
4.227000	4.861060	0
4.228000	4.861295	0
4.229000	4.838540	0
4.230000	4.849586	0
4.231000	4.850407	0
4.232000	4.857119	0
4.233000	4.859645	0
4.234000	4.829241	0
4.235000	4.824556	0
4.236000	4.823253	0
4.237000	4.806574	0
4.238000	4.827928	0
4.239000	4.818931	0
4.240000	4.828123	0
4.241000	4.831677	0
4.242000	4.856482	0
4.243000	4.842642	0
4.244000	4.824825	0
4.245000	4.833748	0
4.246000	4.832548	0
4.247000	4.823982	0
4.248000	4.818468	0
4.249000	4.860376	0
4.250000	4.821603	0
4.251000	4.834091	0
4.252000	4.836892	0
4.253000	4.850200	0
4.254000	4.824891	0
4.255000	4.824988	0
4.256000	4.808660	0
4.257000	4.787739	0
4.258000	4.800571	0
4.259000	4.836792	0
4.260000	4.823203	0
4.261000	4.828758	0
4.262000	4.813039	0
4.263000	4.815751	0
4.264000	4.825787	0
4.265000	4.819425	0
4.266000	4.827120	0
4.267000	4.836941	0
4.268000	4.833362	0
4.269000	4.801611	0
4.270000	4.801784	0
4.271000	4.801863	0
4.272000	4.806601	0
4.273000	4.815867	0
4.274000	4.806312	0
4.275000	4.820678	0
4.276000	4.795611	0
4.277000	4.805664	0
4.278000	4.812231	0
4.279000	4.810631	0
4.280000	4.818773	0
4.281000	4.820753	0
4.282000	4.814826	0
4.283000	4.816399	0
4.284000	4.837504	0
4.285000	4.807082	0
4.286000	4.801335	0
4.287000	4.807713	0
4.288000	4.820245	0
4.289000	4.797432	0
4.290000	4.820295	0
4.291000	4.813892	0
4.292000	4.787826	0
4.293000	4.798780	0
4.294000	4.807924	0
4.295000	4.822969	0
4.296000	4.822843	0
4.297000	4.818883	0
4.298000	4.813095	0
4.299000	4.810678	0
4.300000	4.803889	0
4.301000	4.787599	0
4.302000	4.801570	0
4.303000	4.794191	0
4.304000	4.837713	0
4.305000	4.837018	0
4.306000	4.854606	0
4.307000	4.853216	0
4.308000	4.853513	0
4.309000	4.822642	0
4.310000	4.841852	0
4.311000	4.820326	0
4.312000	4.839923	0
4.313000	4.844510	0
4.314000	4.838453	0
4.315000	4.834764	0
4.316000	4.819062	0
4.317000	4.832855	0
4.318000	4.836977	0
4.319000	4.832434	0
4.320000	4.855204	0
4.321000	4.822492	0
4.322000	4.837748	0
4.323000	4.807134	0
4.324000	4.845237	0
4.325000	4.835933	0
4.326000	4.837883	0
4.327000	4.836848	0
4.328000	4.839726	0
4.329000	4.848583	0
4.330000	4.878318	0
4.331000	4.853793	0
4.332000	4.841144	0
4.333000	4.823105	0
4.334000	4.842430	0
4.335000	4.846698	0
4.336000	4.835044	0
4.337000	4.825991	0
4.338000	4.841749	0
4.339000	4.831008	0
4.340000	4.834194	0
4.341000	4.842529	0
4.342000	4.870426	0
4.343000	4.872822	0
4.344000	4.858353	0
4.345000	4.838043	0
4.346000	4.868401	0
4.347000	4.851640	0
4.348000	4.838110	0
4.349000	4.823032	0
4.350000	4.854031	0
4.351000	4.840279	0
4.352000	4.869226	0
4.353000	4.872205	0
4.354000	4.842456	0
4.355000	4.850658	0
4.356000	4.842531	0
4.357000	4.857204	0
4.358000	4.852281	0
4.359000	4.849360	0
4.360000	4.827524	0
4.361000	4.830176	0
4.362000	4.838750	0
4.363000	4.825546	0
4.364000	4.821163	0
4.365000	4.850951	0
4.366000	4.849868	0
4.367000	4.831449	0
4.368000	4.844016	0
4.369000	4.841660	0
4.370000	4.880817	0
4.371000	4.852751	0
4.372000	4.859296	0
4.373000	4.836879	0
4.374000	4.860676	0
4.375000	4.846151	0
4.376000	4.857468	0
4.377000	4.869988	0
4.378000	4.870233	0
4.379000	4.845385	0
4.380000	4.849926	0
4.381000	4.860331	0
4.382000	4.857544	0
4.383000	4.878120	0
4.384000	4.844715	0
4.385000	4.853136	0
4.386000	4.858040	0
4.387000	4.829471	0
4.388000	4.861533	0
4.389000	4.875789	0
4.390000	4.883273	0
4.391000	4.876175	0
4.392000	4.885955	0
4.393000	4.847181	0
4.394000	4.847820	0
4.395000	4.853307	0
4.396000	4.855606	0
4.397000	4.853441	0
4.398000	4.865424	0
4.399000	4.837933	0
4.400000	4.829879	0
4.401000	4.836315	0
4.402000	4.832091	0
4.403000	4.825661	0
4.404000	4.831497	0
4.405000	4.824605	0
4.406000	4.830983	0
4.407000	4.824609	0
4.408000	4.836998	0
4.409000	4.843529	0
4.410000	4.861266	0
4.411000	4.856980	0
4.412000	4.847725	0
4.413000	4.848638	0
4.414000	4.830049	0
4.415000	4.810533	0
4.416000	4.818895	0
4.417000	4.833157	0
4.418000	4.831709	0
4.419000	4.827449	0
4.420000	4.796816	0
4.421000	4.835156	0
4.422000	4.853528	0
4.423000	4.825659	0
4.424000	4.857212	0
4.425000	4.862367	0
4.426000	4.847706	0
4.427000	4.865525	0
4.428000	4.861487	0
4.429000	4.853529	0
4.430000	4.821464	0
4.431000	4.825702	0
4.432000	4.857388	0
4.433000	4.820965	0
4.434000	4.832056	0
4.435000	4.830517	0
4.436000	4.835552	0
4.437000	4.857713	0
4.438000	4.849781	0
4.439000	4.839758	0
4.440000	4.837184	0
4.441000	4.824363	0
4.442000	4.844509	0
4.443000	4.848210	0
4.444000	4.826355	0
4.445000	4.826306	0
4.446000	4.797369	0
4.447000	4.834094	0
4.448000	4.856469	0
4.449000	4.835957	0
4.450000	4.847281	0
4.451000	4.836343	0
4.452000	4.826002	0
4.453000	4.857794	0
4.454000	4.839842	0
4.455000	4.831664	0
4.456000	4.836924	0
4.457000	4.848377	0
4.458000	4.860593	0
4.459000	4.864788	0
4.460000	4.868723	0
4.461000	4.866913	0
4.462000	4.877936	0
4.463000	4.858448	0
4.464000	4.850242	0
4.465000	4.863196	0
4.466000	4.870476	0
4.467000	4.858220	0
4.468000	4.843628	0
4.469000	4.843807	0
4.470000	4.857108	0
4.471000	4.852723	0
4.472000	4.866574	0
4.473000	4.840922	0
4.474000	4.824799	0
4.475000	4.835175	0
4.476000	4.811219	0
4.477000	4.854434	0
4.478000	4.855899	0
4.479000	4.869832	0
4.480000	4.894383	0
4.481000	4.856536	0
4.482000	4.861222	0
4.483000	4.852714	0
4.484000	4.861127	0
4.485000	4.858248	0
4.486000	4.863739	0
4.487000	4.860277	0
4.488000	4.840217	0
4.489000	4.864499	0
4.490000	4.838154	0
4.491000	4.817108	0
4.492000	4.814710	0
4.493000	4.854415	0
4.494000	4.841131	0
4.495000	4.850055	0
4.496000	4.847107	0
4.497000	4.856550	0
4.498000	4.865679	0
4.499000	4.837987	0
4.500000	4.880522	0
4.501000	4.858740	0
4.502000	4.845901	0
4.503000	4.849272	0
4.504000	4.847728	0
4.505000	4.853047	0
4.506000	4.842804	0
4.507000	4.827040	0
4.508000	4.843203	0
4.509000	4.862380	0
4.510000	4.845542	0
4.511000	4.845918	0
4.512000	4.854357	0
4.513000	4.824206	0
4.514000	4.837831	0
4.515000	4.829221	0
4.516000	4.798287	0
4.517000	4.810838	0
4.518000	4.829597	0
4.519000	4.853807	0
4.520000	4.829070	0
4.521000	4.825667	0
4.522000	4.819700	0
4.523000	4.826486	0
4.524000	4.835677	0
4.525000	4.829272	0
4.526000	4.845325	0
4.527000	4.855059	0
4.528000	4.847481	0
4.529000	4.824665	0
4.530000	4.843788	0
4.531000	4.862113	0
4.532000	4.846425	0
4.533000	4.858016	0
4.534000	4.855923	0
4.535000	4.845629	0
4.536000	4.855346	0
4.537000	4.881645	0
4.538000	4.878086	0
4.539000	4.844014	0
4.540000	4.884187	0
4.541000	4.872294	0
4.542000	4.892830	0
4.543000	4.881245	0
4.544000	4.851077	0
4.545000	4.872514	0
4.546000	4.872374	0
4.547000	4.907382	0
4.548000	4.904856	0
4.549000	4.901804	0
4.550000	4.876618	0
4.551000	4.862713	0
4.552000	4.866978	0
4.553000	4.854335	0
4.554000	4.879605	0
4.555000	4.843980	0
4.556000	4.850161	0
4.557000	4.829802	0
4.558000	4.863244	0
4.559000	4.876029	0
4.560000	4.874692	0
4.561000	4.836520	0
4.562000	4.864222	0
4.563000	4.859424	0
4.564000	4.866185	0
4.565000	4.858055	0
4.566000	4.858719	0
4.567000	4.853581	0
4.568000	4.840345	0
4.569000	4.837688	0
4.570000	4.826805	0
4.571000	4.824835	0
4.572000	4.852598	0
4.573000	4.850074	0
4.574000	4.838082	0
4.575000	4.845392	0
4.576000	4.821885	0
4.577000	4.849792	0
4.578000	4.835623	0
4.579000	4.857986	0
4.580000	4.884437	0
4.581000	4.826727	0
4.582000	4.839824	0
4.583000	4.856296	0
4.584000	4.858164	0
4.585000	4.855765	0
4.586000	4.841796	0
4.587000	4.873525	0
4.588000	4.849884	0
4.589000	4.859910	0
4.590000	4.872642	0
4.591000	4.876977	0
4.592000	4.885600	0
4.593000	4.881195	0
4.594000	4.852919	0
4.595000	4.862744	0
4.596000	4.868773	0
4.597000	4.890506	0
4.598000	4.867591	0
4.599000	4.856958	0
4.600000	4.879956	0
4.601000	4.913277	0
4.602000	4.886044	0
4.603000	4.900875	0
4.604000	4.880307	0
4.605000	4.892411	0
4.606000	4.865299	0
4.607000	4.882518	0
4.608000	4.905770	0
4.609000	4.898604	0
4.610000	4.862125	0
4.611000	4.843896	0
4.612000	4.874204	0
4.613000	4.871360	0
4.614000	4.879368	0
4.615000	4.911064	0
4.616000	4.905902	0
4.617000	4.884162	0
4.618000	4.879443	0
4.619000	4.864681	0
4.620000	4.873244	0
4.621000	4.860746	0
4.622000	4.890046	0
4.623000	4.881694	0
4.624000	4.885225	0
4.625000	4.894928	0
4.626000	4.905089	0
4.627000	4.885928	0
4.628000	4.918820	0
4.629000	4.883418	0
4.630000	4.864461	0
4.631000	4.872115	0
4.632000	4.878997	0
4.633000	4.859224	0
4.634000	4.858394	0
4.635000	4.867435	0
4.636000	4.862313	0
4.637000	4.880225	0
4.638000	4.871693	0
4.639000	4.867015	0
4.640000	4.866240	0
4.641000	4.840129	0
4.642000	4.861831	0
4.643000	4.840650	0
4.644000	4.870005	0
4.645000	4.889927	0
4.646000	4.861794	0
4.647000	4.884821	0
4.648000	4.857916	0
4.649000	4.853676	0
4.650000	4.876613	0
4.651000	4.881592	0
4.652000	4.894907	0
4.653000	4.875367	0
4.654000	4.876853	0
4.655000	4.882535	0
4.656000	4.869800	0
4.657000	4.842398	0
4.658000	4.870388	0
4.659000	4.855115	0
4.660000	4.838268	0
4.661000	4.859894	0
4.662000	4.863585	0
4.663000	4.880025	0
4.664000	4.865891	0
4.665000	4.875387	0
4.666000	4.832970	0
4.667000	4.843533	0
4.668000	4.853242	0
4.669000	4.861534	0
4.670000	4.837366	0
4.671000	4.832052	0
4.672000	4.836066	0
4.673000	4.835902	0
4.674000	4.831827	0
4.675000	4.825845	0
4.676000	4.846752	0
4.677000	4.838635	0
4.678000	4.850645	0
4.679000	4.847174	0
4.680000	4.849264	0
4.681000	4.841137	0
4.682000	4.856477	0
4.683000	4.847538	0
4.684000	4.848103	0
4.685000	4.864801	0
4.686000	4.857142	0
4.687000	4.865200	0
4.688000	4.861663	0
4.689000	4.855729	0
4.690000	4.870313	0
4.691000	4.871696	0
4.692000	4.878452	0
4.693000	4.857895	0
4.694000	4.869914	0
4.695000	4.874216	0
4.696000	4.845960	0
4.697000	4.829742	0
4.698000	4.851491	0
4.699000	4.867054	0
4.700000	4.841043	0
4.701000	4.847055	0
4.702000	4.832429	0
4.703000	4.832256	0
4.704000	4.857518	0
4.705000	4.842465	0
4.706000	4.847007	0
4.707000	4.827569	0
4.708000	4.828586	0
4.709000	4.793756	0
4.710000	4.815641	0
4.711000	4.822873	0
4.712000	4.826050	0
4.713000	4.839705	0
4.714000	4.856504	0
4.715000	4.849238	0
4.716000	4.834407	0
4.717000	4.844739	0
4.718000	4.864473	0
4.719000	4.846890	0
4.720000	4.844626	0
4.721000	4.840727	0
4.722000	4.852301	0
4.723000	4.857145	0
4.724000	4.855899	0
4.725000	4.844917	0
4.726000	4.833023	0
4.727000	4.845453	0
4.728000	4.845044	0
4.729000	4.834081	0
4.730000	4.866464	0
4.731000	4.843844	0
4.732000	4.816018	0
4.733000	4.841750	0
4.734000	4.845138	0
4.735000	4.862313	0
4.736000	4.858838	0
4.737000	4.849298	0
4.738000	4.832808	0
4.739000	4.816459	0
4.740000	4.804211	0
4.741000	4.801542	0
4.742000	4.853366	0
4.743000	4.871990	0
4.744000	4.866050	0
4.745000	4.873744	0
4.746000	4.853841	0
4.747000	4.856915	0
4.748000	4.835391	0
4.749000	4.845562	0
4.750000	4.848367	0
4.751000	4.867542	0
4.752000	4.865820	0
4.753000	4.854972	0
4.754000	4.855769	0
4.755000	4.853254	0
4.756000	4.851237	0
4.757000	4.845965	0
4.758000	4.855177	0
4.759000	4.862509	0
4.760000	4.844341	0
4.761000	4.853268	0
4.762000	4.847974	0
4.763000	4.838707	0
4.764000	4.856405	0
4.765000	4.845195	0
4.766000	4.842919	0
4.767000	4.832113	0
4.768000	4.820357	0
4.769000	4.829251	0
4.770000	4.825112	0
4.771000	4.823823	0
4.772000	4.841176	0
4.773000	4.853341	0
4.774000	4.847716	0
4.775000	4.867352	0
4.776000	4.847787	0
4.777000	4.870839	0
4.778000	4.846681	0
4.779000	4.856820	0
4.780000	4.867489	0
4.781000	4.833278	0
4.782000	4.848482	0
4.783000	4.856357	0
4.784000	4.861948	0
4.785000	4.867152	0
4.786000	4.848644	0
4.787000	4.827655	0
4.788000	4.826477	0
4.789000	4.841997	0
4.790000	4.849000	0
4.791000	4.854130	0
4.792000	4.863114	0
4.793000	4.853082	0
4.794000	4.849576	0
4.795000	4.859731	0
4.796000	4.820663	0
4.797000	4.847406	0
4.798000	4.835466	0
4.799000	4.812160	0
4.800000	4.823225	0
4.801000	4.837831	0
4.802000	4.826258	0
4.803000	4.834770	0
4.804000	4.845079	0
4.805000	4.849951	0
4.806000	4.840893	0
4.807000	4.847001	0
4.808000	4.842705	0
4.809000	4.823276	0
4.810000	4.807875	0
4.811000	4.835695	0
4.812000	4.845947	0
4.813000	4.858759	0
4.814000	4.845328	0
4.815000	4.832615	0
4.816000	4.828507	0
4.817000	4.851651	0
4.818000	4.833982	0
4.819000	4.848765	0
4.820000	4.848830	0
4.821000	4.843352	0
4.822000	4.842098	0
4.823000	4.842663	0
4.824000	4.850046	0
4.825000	4.845587	0
4.826000	4.845144	0
4.827000	4.828533	0
4.828000	4.820054	0
4.829000	4.820040	0
4.830000	4.835500	0
4.831000	4.847579	0
4.832000	4.831823	0
4.833000	4.818353	0
4.834000	4.842418	0
4.835000	4.823751	0
4.836000	4.837386	0
4.837000	4.836693	0
4.838000	4.841874	0
4.839000	4.852303	0
4.840000	4.835908	0
4.841000	4.837344	0
4.842000	4.846141	0
4.843000	4.823288	0
4.844000	4.800570	0
4.845000	4.798515	0
4.846000	4.797273	0
4.847000	4.815130	0
4.848000	4.796387	0
4.849000	4.797564	0
4.850000	4.796273	0
4.851000	4.788788	0
4.852000	4.808244	0
4.853000	4.800674	0
4.854000	4.816553	0
4.855000	4.810821	0
4.856000	4.810911	0
4.857000	4.831466	0
4.858000	4.833874	0
4.859000	4.826775	0
4.860000	4.861963	0
4.861000	4.845025	0
4.862000	4.843714	0
4.863000	4.859773	0
4.864000	4.832540	0
4.865000	4.849328	0
4.866000	4.850144	0
4.867000	4.847664	0
4.868000	4.849399	0
4.869000	4.857176	0
4.870000	4.847589	0
4.871000	4.852912	0
4.872000	4.846030	0
4.873000	4.837531	0
4.874000	4.846593	0
4.875000	4.860965	0
4.876000	4.852627	0
4.877000	4.859498	0
4.878000	4.857650	0
4.879000	4.841032	0
4.880000	4.854362	0
4.881000	4.856125	0
4.882000	4.885147	0
4.883000	4.868756	0
4.884000	4.867030	0
4.885000	4.848614	0
4.886000	4.859135	0
4.887000	4.876317	0
4.888000	4.873292	0
4.889000	4.882877	0
4.890000	4.873204	0
4.891000	4.879098	0
4.892000	4.886541	0
4.893000	4.878024	0
4.894000	4.852842	0
4.895000	4.843210	0
4.896000	4.874438	0
4.897000	4.867712	0
4.898000	4.905750	0
4.899000	4.908510	0
4.900000	4.893565	0
4.901000	4.881383	0
4.902000	4.917032	0
4.903000	4.895700	0
4.904000	4.868384	0
4.905000	4.874105	0
4.906000	4.905404	0
4.907000	4.899252	0
4.908000	4.882819	0
4.909000	4.881885	0
4.910000	4.892325	0
4.911000	4.886774	0
4.912000	4.897183	0
4.913000	4.887471	0
4.914000	4.910149	0
4.915000	4.891081	0
4.916000	4.888413	0
4.917000	4.887061	0
4.918000	4.893047	0
4.919000	4.899690	0
4.920000	4.869102	0
4.921000	4.864154	0
4.922000	4.875202	0
4.923000	4.891588	0
4.924000	4.859023	0
4.925000	4.856031	0
4.926000	4.879101	0
4.927000	4.882702	0
4.928000	4.858245	0
4.929000	4.887272	0
4.930000	4.874622	0
4.931000	4.909235	0
4.932000	4.893127	0
4.933000	4.897886	0
4.934000	4.884079	0
4.935000	4.897227	0
4.936000	4.865466	0
4.937000	4.878889	0
4.938000	4.894267	0
4.939000	4.899189	0
4.940000	4.883130	0
4.941000	4.885210	0
4.942000	4.874120	0
4.943000	4.868321	0
4.944000	4.883840	0
4.945000	4.902210	0
4.946000	4.910305	0
4.947000	4.892111	0
4.948000	4.886503	0
4.949000	4.884010	0
4.950000	4.872531	0
4.951000	4.888791	0
4.952000	4.890025	0
4.953000	4.880048	0
4.954000	4.877369	0
4.955000	4.834071	0
4.956000	4.817741	0
4.957000	4.826312	0
4.958000	4.851842	0
4.959000	4.834156	0
4.960000	4.837165	0
4.961000	4.830289	0
4.962000	4.861294	0
4.963000	4.843600	0
4.964000	4.848260	0
4.965000	4.834708	0
4.966000	4.816339	0
4.967000	4.824134	0
4.968000	4.814973	0
4.969000	4.796315	0
4.970000	4.828605	0
4.971000	4.827009	0
4.972000	4.817522	0
4.973000	4.837643	0
4.974000	4.827827	0
4.975000	4.837738	0
4.976000	4.850313	0
4.977000	4.837470	0
4.978000	4.835608	0
4.979000	4.840009	0
4.980000	4.834820	0
4.981000	4.842845	0
4.982000	4.820173	0
4.983000	4.832211	0
4.984000	4.830770	0
4.985000	4.826805	0
4.986000	4.829259	0
4.987000	4.812209	0
4.988000	4.835990	0
4.989000	4.841961	0
4.990000	4.819066	0
4.991000	4.843101	0
4.992000	4.839358	0
4.993000	4.828692	0
4.994000	4.819065	0
4.995000	4.814998	0
4.996000	4.810828	0
4.997000	4.814256	0
4.998000	4.813746	0
4.999000	4.833772	0
#a = 0.250000 V = 40.000000 #N_heads = 1	N = 10000     time = 5.000000
#CPU_time = 6.873511
