
2.001000	4.852519	1
2.002000	4.873714	1
2.003000	4.906976	1
2.004000	4.946195	1
2.005000	4.962000	1
2.006000	5.005039	1
2.007000	4.992942	1
2.008000	5.075555	1
2.009000	5.109985	1
2.010000	5.111216	1
2.011000	5.096530	1
2.012000	5.139202	1
2.013000	5.171608	1
2.014000	5.171558	1
2.015000	5.192715	1
2.016000	5.219147	1
2.017000	5.190716	1
2.018000	5.220805	1
2.019000	5.264029	1
2.020000	5.261606	1
2.021000	5.272061	1
2.022000	5.298736	1
2.023000	5.321174	1
2.024000	5.297740	1
2.025000	5.302200	1
2.026000	5.310660	1
2.027000	5.367425	1
2.028000	5.358743	1
2.029000	5.354421	1
2.030000	5.363088	1
2.031000	5.382643	1
2.032000	5.383043	1
2.033000	5.363760	1
2.034000	5.392650	1
2.035000	5.428985	1
2.036000	5.408261	1
2.037000	5.403595	1
2.038000	5.423530	1
2.039000	5.431481	1
2.040000	5.453145	1
2.041000	5.486153	1
2.042000	5.458335	1
2.043000	5.484985	1
2.044000	5.472475	1
2.045000	5.483728	1
2.046000	5.479587	1
2.047000	5.506515	1
2.048000	5.528496	1
2.049000	5.499317	1
2.050000	5.492673	1
2.051000	5.509861	1
2.052000	5.499984	1
2.053000	5.494367	1
2.054000	5.490430	1
2.055000	5.480933	1
2.056000	5.486533	1
2.057000	5.488547	1
2.058000	5.505149	1
2.059000	5.512838	1
2.060000	5.527689	1
2.061000	5.546221	1
2.062000	5.541743	1
2.063000	5.539747	1
2.064000	5.525638	1
2.065000	5.520242	1
2.066000	5.517877	1
2.067000	5.506495	1
2.068000	5.544512	1
2.069000	5.509947	1
2.070000	5.538746	1
2.071000	5.558390	1
2.072000	5.565593	1
2.073000	5.528083	1
2.074000	5.564983	1
2.075000	5.525049	1
2.076000	5.528272	1
2.077000	5.545739	1
2.078000	5.563591	1
2.079000	5.518683	1
2.080000	5.562581	1
2.081000	5.497994	1
2.082000	5.543961	1
2.083000	5.537815	1
2.084000	5.540897	1
2.085000	5.552572	1
2.086000	5.545934	1
2.087000	5.534445	1
2.088000	5.529851	1
2.089000	5.512064	1
2.090000	5.521968	1
2.091000	5.552078	1
2.092000	5.595762	1
2.093000	5.582257	1
2.094000	5.557860	1
2.095000	5.523358	1
2.096000	5.580095	1
2.097000	5.571294	1
2.098000	5.604016	1
2.099000	5.624333	1
2.100000	5.640953	1
2.101000	5.595030	1
2.102000	5.593526	1
2.103000	5.593995	1
2.104000	5.582049	1
2.105000	5.584928	1
2.106000	5.566596	1
2.107000	5.607942	1
2.108000	5.586397	1
2.109000	5.591402	1
2.110000	5.612638	1
2.111000	5.597043	1
2.112000	5.604157	1
2.113000	5.565102	1
2.114000	5.583946	1
2.115000	5.603985	1
2.116000	5.560264	1
2.117000	5.621631	1
2.118000	5.615077	1
2.119000	5.575583	1
2.120000	5.581144	1
2.121000	5.571394	1
2.122000	5.582957	1
2.123000	5.586074	1
2.124000	5.628864	1
2.125000	5.604086	1
2.126000	5.591228	1
2.127000	5.620238	1
2.128000	5.605119	1
2.129000	5.589053	1
2.130000	5.618318	1
2.131000	5.635604	1
2.132000	5.581584	1
2.133000	5.579970	1
2.134000	5.605515	1
2.135000	5.581376	1
2.136000	5.576430	1
2.137000	5.585299	1
2.138000	5.573004	1
2.139000	5.587055	1
2.140000	5.593175	1
2.141000	5.583577	1
2.142000	5.584754	1
2.143000	5.619316	1
2.144000	5.647273	1
2.145000	5.637274	1
2.146000	5.621141	1
2.147000	5.642060	1
2.148000	5.605845	1
2.149000	5.614738	1
2.150000	5.604940	1
2.151000	5.615490	1
2.152000	5.577680	1
2.153000	5.591594	1
2.154000	5.579984	1
2.155000	5.565515	1
2.156000	5.586154	1
2.157000	5.612358	1
2.158000	5.599572	1
2.159000	5.592138	1
2.160000	5.552582	1
2.161000	5.573032	1
2.162000	5.593866	1
2.163000	5.596962	1
2.164000	5.560352	1
2.165000	5.605361	1
2.166000	5.592358	1
2.167000	5.608062	1
2.168000	5.640739	1
2.169000	5.616143	1
2.170000	5.633394	1
2.171000	5.580226	1
2.172000	5.591863	1
2.173000	5.566955	1
2.174000	5.553861	1
2.175000	5.584076	1
2.176000	5.619060	1
2.177000	5.625384	1
2.178000	5.625731	1
2.179000	5.639527	1
2.180000	5.640822	1
2.181000	5.632424	1
2.182000	5.629579	1
2.183000	5.609606	1
2.184000	5.600997	1
2.185000	5.589536	1
2.186000	5.579681	1
2.187000	5.586372	1
2.188000	5.585662	1
2.189000	5.600365	1
2.190000	5.602705	1
2.191000	5.619534	1
2.192000	5.591854	1
2.193000	5.610328	1
2.194000	5.606916	1
2.195000	5.569892	1
2.196000	5.593584	1
2.197000	5.604391	1
2.198000	5.599346	1
2.199000	5.586400	1
2.200000	5.566903	1
2.201000	5.558024	1
2.202000	5.627052	1
2.203000	5.575587	1
2.204000	5.556728	1
2.205000	5.576559	1
2.206000	5.551997	1
2.207000	5.602482	1
2.208000	5.561783	1
2.209000	5.606874	1
2.210000	5.601372	1
2.211000	5.550637	1
2.212000	5.591231	1
2.213000	5.618384	1
2.214000	5.626241	1
2.215000	5.628921	1
2.216000	5.673752	1
2.217000	5.592340	1
2.218000	5.562107	1
2.219000	5.607262	1
2.220000	5.576375	1
2.221000	5.555415	1
2.222000	5.599257	1
2.223000	5.611047	1
2.224000	5.608204	1
2.225000	5.612563	1
2.226000	5.574146	1
2.227000	5.577628	1
2.228000	5.545159	1
2.229000	5.551481	1
2.230000	5.545058	1
2.231000	5.582443	1
2.232000	5.597379	1
2.233000	5.599164	1
2.234000	5.552207	1
2.235000	5.578130	1
2.236000	5.558829	1
2.237000	5.558792	1
2.238000	5.558714	1
2.239000	5.524380	1
2.240000	5.523644	1
2.241000	5.546638	1
2.242000	5.522411	1
2.243000	5.537454	1
2.244000	5.523324	1
2.245000	5.514488	1
2.246000	5.574490	1
2.247000	5.582415	1
2.248000	5.571545	1
2.249000	5.565406	1
2.250000	5.591957	1
2.251000	5.588026	1
2.252000	5.599683	1
2.253000	5.579189	1
2.254000	5.547941	1
2.255000	5.566052	1
2.256000	5.553321	1
2.257000	5.574318	1
2.258000	5.566013	1
2.259000	5.526695	1
2.260000	5.508204	1
2.261000	5.547256	1
2.262000	5.526502	1
2.263000	5.503499	1
2.264000	5.506508	1
2.265000	5.550661	1
2.266000	5.573458	1
2.267000	5.570081	1
2.268000	5.597383	1
2.269000	5.545229	1
2.270000	5.545718	1
2.271000	5.555911	1
2.272000	5.538666	1
2.273000	5.496722	1
2.274000	5.538170	1
2.275000	5.546969	1
2.276000	5.559371	1
2.277000	5.591172	1
2.278000	5.570972	1
2.279000	5.540219	1
2.280000	5.576918	1
2.281000	5.549244	1
2.282000	5.547949	1
2.283000	5.584764	1
2.284000	5.602850	1
2.285000	5.556349	1
2.286000	5.585101	1
2.287000	5.630771	1
2.288000	5.612778	1
2.289000	5.582264	1
2.290000	5.564303	1
2.291000	5.584633	1
2.292000	5.569083	1
2.293000	5.585938	1
2.294000	5.589620	1
2.295000	5.588788	1
2.296000	5.604872	1
2.297000	5.590264	1
2.298000	5.602511	1
2.299000	5.592677	1
2.300000	5.614013	1
2.301000	5.593181	1
2.302000	5.626632	1
2.303000	5.623084	1
2.304000	5.625019	1
2.305000	5.608184	1
2.306000	5.585946	1
2.307000	5.565912	1
2.308000	5.570592	1
2.309000	5.563015	1
2.310000	5.557779	1
2.311000	5.581503	1
2.312000	5.561473	1
2.313000	5.573027	1
2.314000	5.589655	1
2.315000	5.592932	1
2.316000	5.574300	1
2.317000	5.606902	1
2.318000	5.592213	1
2.319000	5.616413	1
2.320000	5.583623	1
2.321000	5.597411	1
2.322000	5.558255	1
2.323000	5.557561	1
2.324000	5.568317	1
2.325000	5.574416	1
2.326000	5.601462	1
2.327000	5.592355	1
2.328000	5.606836	1
2.329000	5.562993	1
2.330000	5.547594	1
2.331000	5.581821	1
2.332000	5.578186	1
2.333000	5.554994	1
2.334000	5.522284	1
2.335000	5.518316	1
2.336000	5.538534	1
2.337000	5.546723	1
2.338000	5.520823	1
2.339000	5.538744	1
2.340000	5.528062	1
2.341000	5.567869	1
2.342000	5.559250	1
2.343000	5.538229	1
2.344000	5.558317	1
2.345000	5.549032	1
2.346000	5.554517	1
2.347000	5.608872	1
2.348000	5.550153	1
2.349000	5.551249	1
2.350000	5.570542	1
2.351000	5.594894	1
2.352000	5.593088	1
2.353000	5.575384	1
2.354000	5.600885	1
2.355000	5.564918	1
2.356000	5.581627	1
2.357000	5.566538	1
2.358000	5.567922	1
2.359000	5.582959	1
2.360000	5.603532	1
2.361000	5.595874	1
2.362000	5.583226	1
2.363000	5.555419	1
2.364000	5.545575	1
2.365000	5.561352	1
2.366000	5.538393	1
2.367000	5.522786	1
2.368000	5.526269	1
2.369000	5.537009	1
2.370000	5.504123	1
2.371000	5.579557	1
2.372000	5.599406	1
2.373000	5.565331	1
2.374000	5.579965	1
2.375000	5.576396	1
2.376000	5.609982	1
2.377000	5.593819	1
2.378000	5.630758	1
2.379000	5.652105	1
2.380000	5.651270	1
2.381000	5.597315	1
2.382000	5.597227	1
2.383000	5.630229	1
2.384000	5.643498	1
2.385000	5.629203	1
2.386000	5.605221	1
2.387000	5.618907	1
2.388000	5.611020	1
2.389000	5.586420	1
2.390000	5.570201	1
2.391000	5.571231	1
2.392000	5.569258	1
2.393000	5.591430	1
2.394000	5.577727	1
2.395000	5.583595	1
2.396000	5.553316	1
2.397000	5.599389	1
2.398000	5.550182	1
2.399000	5.566622	1
2.400000	5.530538	1
2.401000	5.510933	1
2.402000	5.508744	1
2.403000	5.527665	1
2.404000	5.481142	1
2.405000	5.535163	1
2.406000	5.540911	1
2.407000	5.567590	1
2.408000	5.538309	1
2.409000	5.522431	1
2.410000	5.550927	1
2.411000	5.520494	1
2.412000	5.544243	1
2.413000	5.555329	1
2.414000	5.536904	1
2.415000	5.547192	1
2.416000	5.532627	1
2.417000	5.536156	1
2.418000	5.530923	1
2.419000	5.577096	1
2.420000	5.542127	1
2.421000	5.531437	1
2.422000	5.483431	1
2.423000	5.526119	1
2.424000	5.574917	1
2.425000	5.589996	1
2.426000	5.584881	1
2.427000	5.605208	1
2.428000	5.591222	1
2.429000	5.569549	1
2.430000	5.592254	1
2.431000	5.595145	1
2.432000	5.558229	1
2.433000	5.574615	1
2.434000	5.546895	1
2.435000	5.570778	1
2.436000	5.564198	1
2.437000	5.571252	1
2.438000	5.499694	1
2.439000	5.527525	1
2.440000	5.520901	1
2.441000	5.515474	1
2.442000	5.540276	1
2.443000	5.522491	1
2.444000	5.545638	1
2.445000	5.538445	1
2.446000	5.548261	1
2.447000	5.561609	1
2.448000	5.519329	1
2.449000	5.551895	1
2.450000	5.539120	1
2.451000	5.583473	1
2.452000	5.563222	1
2.453000	5.504284	1
2.454000	5.552840	1
2.455000	5.545092	1
2.456000	5.521255	1
2.457000	5.550475	1
2.458000	5.581900	1
2.459000	5.598104	1
2.460000	5.600592	1
2.461000	5.572096	1
2.462000	5.556457	1
2.463000	5.576009	1
2.464000	5.576252	1
2.465000	5.587885	1
2.466000	5.616688	1
2.467000	5.562407	1
2.468000	5.560621	1
2.469000	5.621539	1
2.470000	5.623765	1
2.471000	5.592547	1
2.472000	5.594798	1
2.473000	5.577941	1
2.474000	5.561710	1
2.475000	5.601822	1
2.476000	5.595241	1
2.477000	5.601651	1
2.478000	5.615699	1
2.479000	5.604836	1
2.480000	5.624947	1
2.481000	5.606438	1
2.482000	5.599098	1
2.483000	5.571539	1
2.484000	5.553540	1
2.485000	5.583233	1
2.486000	5.564437	1
2.487000	5.549129	1
2.488000	5.545341	1
2.489000	5.574400	1
2.490000	5.548136	1
2.491000	5.560216	1
2.492000	5.543498	1
2.493000	5.575354	1
2.494000	5.556757	1
2.495000	5.550712	1
2.496000	5.577789	1
2.497000	5.582771	1
2.498000	5.572168	1
2.499000	5.562621	1
2.500000	5.576553	1
2.501000	5.550713	1
2.502000	5.562893	1
2.503000	5.546636	1
2.504000	5.567574	1
2.505000	5.571355	1
2.506000	5.567471	1
2.507000	5.614114	1
2.508000	5.623974	1
2.509000	5.580021	1
2.510000	5.608949	1
2.511000	5.600301	1
2.512000	5.563068	1
2.513000	5.572951	1
2.514000	5.592619	1
2.515000	5.577746	1
2.516000	5.589697	1
2.517000	5.580527	1
2.518000	5.564783	1
2.519000	5.583972	1
2.520000	5.568462	1
2.521000	5.554375	1
2.522000	5.586758	1
2.523000	5.555934	1
2.524000	5.579764	1
2.525000	5.573752	1
2.526000	5.602908	1
2.527000	5.590357	1
2.528000	5.593891	1
2.529000	5.527749	1
2.530000	5.548469	1
2.531000	5.509840	1
2.532000	5.536151	1
2.533000	5.535965	1
2.534000	5.511102	1
2.535000	5.519111	1
2.536000	5.540211	1
2.537000	5.580738	1
2.538000	5.559474	1
2.539000	5.548847	1
2.540000	5.544088	1
2.541000	5.596367	1
2.542000	5.572131	1
2.543000	5.566736	1
2.544000	5.573504	1
2.545000	5.573127	1
2.546000	5.583874	1
2.547000	5.561880	1
2.548000	5.552006	1
2.549000	5.541712	1
2.550000	5.591190	1
2.551000	5.582843	1
2.552000	5.607192	1
2.553000	5.602730	1
2.554000	5.582775	1
2.555000	5.609370	1
2.556000	5.632825	1
2.557000	5.614716	1
2.558000	5.634980	1
2.559000	5.591393	1
2.560000	5.609386	1
2.561000	5.609696	1
2.562000	5.606885	1
2.563000	5.611431	1
2.564000	5.541268	1
2.565000	5.630533	1
2.566000	5.589395	1
2.567000	5.545504	1
2.568000	5.602027	1
2.569000	5.543884	1
2.570000	5.558148	1
2.571000	5.598308	1
2.572000	5.595440	1
2.573000	5.610430	1
2.574000	5.577399	1
2.575000	5.559354	1
2.576000	5.534070	1
2.577000	5.555974	1
2.578000	5.555457	1
2.579000	5.561293	1
2.580000	5.558622	1
2.581000	5.551597	1
2.582000	5.569445	1
2.583000	5.544698	1
2.584000	5.572984	1
2.585000	5.545096	1
2.586000	5.573452	1
2.587000	5.562315	1
2.588000	5.537068	1
2.589000	5.569923	1
2.590000	5.564448	1
2.591000	5.554142	1
2.592000	5.526790	1
2.593000	5.556803	1
2.594000	5.558115	1
2.595000	5.567463	1
2.596000	5.507508	1
2.597000	5.486727	1
2.598000	5.556047	1
2.599000	5.559774	1
2.600000	5.574894	1
2.601000	5.535697	1
2.602000	5.539262	1
2.603000	5.542126	1
2.604000	5.576205	1
2.605000	5.566224	1
2.606000	5.604808	1
2.607000	5.573349	1
2.608000	5.558853	1
2.609000	5.566135	1
2.610000	5.609529	1
2.611000	5.600100	1
2.612000	5.591220	1
2.613000	5.597818	1
2.614000	5.586187	1
2.615000	5.601862	1
2.616000	5.655575	1
2.617000	5.606425	1
2.618000	5.635610	1
2.619000	5.596733	1
2.620000	5.610759	1
2.621000	5.581692	1
2.622000	5.552367	1
2.623000	5.522449	1
2.624000	5.537664	1
2.625000	5.507131	1
2.626000	5.509225	1
2.627000	5.534544	1
2.628000	5.527565	1
2.629000	5.516166	1
2.630000	5.543399	1
2.631000	5.521899	1
2.632000	5.500997	1
2.633000	5.549660	1
2.634000	5.562118	1
2.635000	5.565331	1
2.636000	5.551282	1
2.637000	5.587965	1
2.638000	5.593128	1
2.639000	5.587495	1
2.640000	5.571410	1
2.641000	5.557538	1
2.642000	5.554471	1
2.643000	5.519296	1
2.644000	5.548430	1
2.645000	5.528512	1
2.646000	5.579124	1
2.647000	5.535899	1
2.648000	5.526771	1
2.649000	5.552293	1
2.650000	5.600099	1
2.651000	5.562705	1
2.652000	5.535785	1
2.653000	5.544489	1
2.654000	5.583618	1
2.655000	5.557831	1
2.656000	5.587984	1
2.657000	5.600740	1
2.658000	5.621691	1
2.659000	5.629414	1
2.660000	5.615516	1
2.661000	5.636024	1
2.662000	5.604407	1
2.663000	5.592344	1
2.664000	5.568251	1
2.665000	5.551297	1
2.666000	5.569855	1
2.667000	5.550760	1
2.668000	5.593694	1
2.669000	5.589144	1
2.670000	5.584931	1
2.671000	5.536834	1
2.672000	5.504478	1
2.673000	5.523067	1
2.674000	5.571028	1
2.675000	5.581212	1
2.676000	5.554571	1
2.677000	5.534429	1
2.678000	5.584589	1
2.679000	5.556574	1
2.680000	5.567741	1
2.681000	5.563548	1
2.682000	5.573185	1
2.683000	5.569234	1
2.684000	5.498934	1
2.685000	5.533785	1
2.686000	5.541852	1
2.687000	5.532814	1
2.688000	5.522498	1
2.689000	5.568868	1
2.690000	5.526583	1
2.691000	5.539736	1
2.692000	5.529515	1
2.693000	5.535697	1
2.694000	5.534683	1
2.695000	5.558089	1
2.696000	5.526629	1
2.697000	5.587527	1
2.698000	5.574513	1
2.699000	5.536885	1
2.700000	5.546119	1
2.701000	5.540523	1
2.702000	5.557130	1
2.703000	5.529770	1
2.704000	5.544365	1
2.705000	5.608557	1
2.706000	5.543407	1
2.707000	5.545928	1
2.708000	5.538252	1
2.709000	5.521616	1
2.710000	5.547674	1
2.711000	5.531265	1
2.712000	5.535187	1
2.713000	5.574802	1
2.714000	5.538538	1
2.715000	5.517015	1
2.716000	5.492702	1
2.717000	5.509727	1
2.718000	5.527488	1
2.719000	5.566417	1
2.720000	5.502303	1
2.721000	5.535067	1
2.722000	5.546140	1
2.723000	5.564149	1
2.724000	5.534846	1
2.725000	5.499491	1
2.726000	5.550775	1
2.727000	5.551555	1
2.728000	5.586720	1
2.729000	5.555073	1
2.730000	5.532614	1
2.731000	5.549423	1
2.732000	5.584077	1
2.733000	5.564428	1
2.734000	5.587238	1
2.735000	5.554070	1
2.736000	5.517764	1
2.737000	5.552638	1
2.738000	5.541258	1
2.739000	5.495775	1
2.740000	5.501213	1
2.741000	5.536166	1
2.742000	5.544293	1
2.743000	5.537098	1
2.744000	5.550659	1
2.745000	5.551427	1
2.746000	5.547281	1
2.747000	5.537988	1
2.748000	5.556886	1
2.749000	5.583022	1
2.750000	5.577312	1
2.751000	5.580936	1
2.752000	5.590727	1
2.753000	5.549349	1
2.754000	5.578427	1
2.755000	5.592387	1
2.756000	5.625238	1
2.757000	5.604536	1
2.758000	5.582651	1
2.759000	5.597197	1
2.760000	5.586267	1
2.761000	5.608252	1
2.762000	5.623222	1
2.763000	5.601993	1
2.764000	5.626052	1
2.765000	5.596244	1
2.766000	5.591281	1
2.767000	5.569037	1
2.768000	5.553834	1
2.769000	5.592046	1
2.770000	5.570289	1
2.771000	5.604281	1
2.772000	5.583648	1
2.773000	5.583511	1
2.774000	5.577577	1
2.775000	5.573965	1
2.776000	5.595333	1
2.777000	5.560542	1
2.778000	5.538176	1
2.779000	5.544996	1
2.780000	5.528718	1
2.781000	5.523628	1
2.782000	5.543082	1
2.783000	5.567819	1
2.784000	5.576956	1
2.785000	5.611328	1
2.786000	5.547757	1
2.787000	5.556341	1
2.788000	5.569788	1
2.789000	5.583510	1
2.790000	5.540625	1
2.791000	5.542591	1
2.792000	5.547116	1
2.793000	5.559586	1
2.794000	5.524263	1
2.795000	5.527675	1
2.796000	5.524914	1
2.797000	5.530665	1
2.798000	5.540060	1
2.799000	5.605527	1
2.800000	5.610083	1
2.801000	5.612508	1
2.802000	5.590956	1
2.803000	5.585233	1
2.804000	5.581935	1
2.805000	5.542718	1
2.806000	5.569592	1
2.807000	5.571516	1
2.808000	5.577569	1
2.809000	5.566526	1
2.810000	5.534889	1
2.811000	5.562621	1
2.812000	5.578390	1
2.813000	5.609928	1
2.814000	5.591873	1
2.815000	5.599139	1
2.816000	5.558162	1
2.817000	5.610353	1
2.818000	5.543718	1
2.819000	5.596668	1
2.820000	5.578227	1
2.821000	5.552443	1
2.822000	5.585876	1
2.823000	5.619720	1
2.824000	5.587081	1
2.825000	5.558265	1
2.826000	5.590009	1
2.827000	5.546151	1
2.828000	5.571924	1
2.829000	5.561676	1
2.830000	5.573083	1
2.831000	5.582860	1
2.832000	5.598878	1
2.833000	5.561635	1
2.834000	5.560957	1
2.835000	5.540743	1
2.836000	5.548361	1
2.837000	5.579732	1
2.838000	5.539861	1
2.839000	5.576301	1
2.840000	5.583147	1
2.841000	5.557529	1
2.842000	5.574228	1
2.843000	5.557057	1
2.844000	5.525311	1
2.845000	5.541712	1
2.846000	5.537921	1
2.847000	5.528660	1
2.848000	5.540206	1
2.849000	5.546961	1
2.850000	5.582370	1
2.851000	5.551592	1
2.852000	5.559492	1
2.853000	5.527763	1
2.854000	5.566190	1
2.855000	5.581058	1
2.856000	5.541725	1
2.857000	5.586477	1
2.858000	5.489392	1
2.859000	5.517524	1
2.860000	5.550921	1
2.861000	5.549245	1
2.862000	5.562049	1
2.863000	5.577196	1
2.864000	5.601399	1
2.865000	5.617295	1
2.866000	5.631169	1
2.867000	5.597983	1
2.868000	5.600108	1
2.869000	5.595429	1
2.870000	5.597814	1
2.871000	5.579144	1
2.872000	5.540959	1
2.873000	5.522945	1
2.874000	5.563760	1
2.875000	5.519423	1
2.876000	5.534869	1
2.877000	5.585495	1
2.878000	5.547738	1
2.879000	5.549809	1
2.880000	5.563005	1
2.881000	5.572293	1
2.882000	5.590877	1
2.883000	5.560584	1
2.884000	5.601994	1
2.885000	5.526468	1
2.886000	5.574334	1
2.887000	5.567212	1
2.888000	5.549717	1
2.889000	5.520462	1
2.890000	5.494435	1
2.891000	5.541630	1
2.892000	5.591477	1
2.893000	5.549067	1
2.894000	5.602693	1
2.895000	5.624745	1
2.896000	5.617689	1
2.897000	5.552705	1
2.898000	5.566389	1
2.899000	5.548572	1
2.900000	5.550368	1
2.901000	5.548211	1
2.902000	5.549295	1
2.903000	5.542215	1
2.904000	5.610250	1
2.905000	5.577552	1
2.906000	5.576492	1
2.907000	5.591784	1
2.908000	5.572371	1
2.909000	5.557291	1
2.910000	5.570996	1
2.911000	5.592290	1
2.912000	5.597667	1
2.913000	5.584111	1
2.914000	5.554370	1
2.915000	5.627326	1
2.916000	5.585303	1
2.917000	5.570425	1
2.918000	5.547880	1
2.919000	5.516418	1
2.920000	5.582460	1
2.921000	5.615934	1
2.922000	5.596687	1
2.923000	5.581908	1
2.924000	5.572914	1
2.925000	5.569822	1
2.926000	5.599825	1
2.927000	5.573192	1
2.928000	5.565720	1
2.929000	5.579388	1
2.930000	5.583950	1
2.931000	5.627512	1
2.932000	5.604715	1
2.933000	5.559839	1
2.934000	5.563140	1
2.935000	5.586198	1
2.936000	5.593588	1
2.937000	5.541724	1
2.938000	5.592455	1
2.939000	5.574625	1
2.940000	5.628052	1
2.941000	5.589873	1
2.942000	5.598534	1
2.943000	5.594909	1
2.944000	5.602429	1
2.945000	5.588634	1
2.946000	5.594600	1
2.947000	5.563795	1
2.948000	5.542847	1
2.949000	5.558724	1
2.950000	5.570832	1
2.951000	5.590463	1
2.952000	5.582951	1
2.953000	5.565784	1
2.954000	5.591853	1
2.955000	5.632771	1
2.956000	5.598804	1
2.957000	5.607841	1
2.958000	5.619006	1
2.959000	5.637849	1
2.960000	5.589765	1
2.961000	5.614968	1
2.962000	5.590050	1
2.963000	5.630551	1
2.964000	5.566534	1
2.965000	5.605549	1
2.966000	5.592296	1
2.967000	5.537536	1
2.968000	5.549028	1
2.969000	5.540138	1
2.970000	5.582756	1
2.971000	5.524500	1
2.972000	5.591677	1
2.973000	5.599097	1
2.974000	5.634405	1
2.975000	5.588101	1
2.976000	5.580188	1
2.977000	5.565543	1
2.978000	5.544557	1
2.979000	5.576011	1
2.980000	5.573634	1
2.981000	5.573937	1
2.982000	5.575119	1
2.983000	5.605184	1
2.984000	5.637400	1
2.985000	5.590135	1
2.986000	5.611974	1
2.987000	5.557336	1
2.988000	5.538131	1
2.989000	5.544343	1
2.990000	5.513431	1
2.991000	5.573771	1
2.992000	5.561755	1
2.993000	5.546795	1
2.994000	5.552276	1
2.995000	5.560784	1
2.996000	5.575360	1
2.997000	5.600412	1
2.998000	5.538140	1
2.999000	5.546842	1
3.000000	5.517611	1
3.001000	5.578240	1
3.002000	5.517242	1
3.003000	5.548778	1
3.004000	5.573159	1
3.005000	5.582864	1
3.006000	5.538109	1
3.007000	5.573333	1
3.008000	5.542430	1
3.009000	5.554993	1
3.010000	5.535397	1
3.011000	5.556258	1
3.012000	5.515496	1
3.013000	5.530240	1
3.014000	5.574069	1
3.015000	5.520964	1
3.016000	5.559259	1
3.017000	5.550251	1
3.018000	5.556221	1
3.019000	5.522961	1
3.020000	5.577359	1
3.021000	5.579567	1
3.022000	5.548598	1
3.023000	5.576949	1
3.024000	5.570876	1
3.025000	5.586576	1
3.026000	5.562967	1
3.027000	5.615380	1
3.028000	5.566001	1
3.029000	5.572899	1
3.030000	5.564217	1
3.031000	5.547548	1
3.032000	5.539693	1
3.033000	5.569616	1
3.034000	5.543716	1
3.035000	5.553576	1
3.036000	5.556851	1
3.037000	5.513806	1
3.038000	5.557377	1
3.039000	5.524719	1
3.040000	5.538295	1
3.041000	5.564878	1
3.042000	5.594657	1
3.043000	5.587344	1
3.044000	5.589693	1
3.045000	5.569845	1
3.046000	5.540942	1
3.047000	5.511770	1
3.048000	5.542550	1
3.049000	5.537894	1
3.050000	5.512709	1
3.051000	5.566148	1
3.052000	5.528991	1
3.053000	5.529731	1
3.054000	5.572272	1
3.055000	5.561728	1
3.056000	5.589941	1
3.057000	5.562888	1
3.058000	5.520307	1
3.059000	5.535490	1
3.060000	5.540595	1
3.061000	5.508023	1
3.062000	5.559520	1
3.063000	5.512971	1
3.064000	5.544071	1
3.065000	5.550986	1
3.066000	5.593045	1
3.067000	5.552622	1
3.068000	5.548856	1
3.069000	5.531916	1
3.070000	5.524543	1
3.071000	5.530936	1
3.072000	5.588801	1
3.073000	5.538396	1
3.074000	5.558196	1
3.075000	5.561307	1
3.076000	5.556254	1
3.077000	5.592910	1
3.078000	5.566549	1
3.079000	5.573530	1
3.080000	5.576559	1
3.081000	5.562475	1
3.082000	5.571114	1
3.083000	5.549004	1
3.084000	5.555345	1
3.085000	5.571603	1
3.086000	5.601012	1
3.087000	5.581219	1
3.088000	5.583682	1
3.089000	5.611330	1
3.090000	5.609022	1
3.091000	5.594385	1
3.092000	5.643961	1
3.093000	5.604354	1
3.094000	5.638141	1
3.095000	5.635137	1
3.096000	5.595638	1
3.097000	5.567697	1
3.098000	5.536704	1
3.099000	5.529821	1
3.100000	5.506099	1
3.101000	5.536449	1
3.102000	5.580634	1
3.103000	5.576267	1
3.104000	5.575265	1
3.105000	5.531898	1
3.106000	5.509901	1
3.107000	5.509626	1
3.108000	5.500846	1
3.109000	5.500504	1
3.110000	5.482362	1
3.111000	5.494760	1
3.112000	5.486796	1
3.113000	5.475957	1
3.114000	5.526570	1
3.115000	5.551049	1
3.116000	5.540626	1
3.117000	5.577769	1
3.118000	5.556394	1
3.119000	5.514626	1
3.120000	5.506302	1
3.121000	5.513080	1
3.122000	5.565192	1
3.123000	5.554658	1
3.124000	5.545254	1
3.125000	5.561692	1
3.126000	5.553170	1
3.127000	5.599544	1
3.128000	5.577830	1
3.129000	5.580353	1
3.130000	5.569143	1
3.131000	5.539939	1
3.132000	5.507510	1
3.133000	5.543440	1
3.134000	5.602935	1
3.135000	5.582294	1
3.136000	5.567320	1
3.137000	5.589815	1
3.138000	5.586338	1
3.139000	5.571281	1
3.140000	5.576795	1
3.141000	5.560423	1
3.142000	5.595338	1
3.143000	5.586387	1
3.144000	5.546736	1
3.145000	5.533864	1
3.146000	5.555397	1
3.147000	5.547826	1
3.148000	5.538604	1
3.149000	5.570799	1
3.150000	5.555659	1
3.151000	5.571523	1
3.152000	5.624017	1
3.153000	5.589917	1
3.154000	5.594053	1
3.155000	5.585254	1
3.156000	5.622397	1
3.157000	5.627734	1
3.158000	5.561867	1
3.159000	5.579711	1
3.160000	5.589153	1
3.161000	5.586226	1
3.162000	5.588351	1
3.163000	5.557494	1
3.164000	5.599587	1
3.165000	5.554784	1
3.166000	5.595969	1
3.167000	5.590585	1
3.168000	5.602134	1
3.169000	5.587633	1
3.170000	5.541665	1
3.171000	5.519270	1
3.172000	5.572092	1
3.173000	5.572945	1
3.174000	5.575968	1
3.175000	5.523477	1
3.176000	5.552839	1
3.177000	5.581926	1
3.178000	5.556639	1
3.179000	5.545257	1
3.180000	5.567435	1
3.181000	5.607469	1
3.182000	5.574096	1
3.183000	5.578455	1
3.184000	5.576586	1
3.185000	5.600900	1
3.186000	5.550276	1
3.187000	5.558052	1
3.188000	5.542751	1
3.189000	5.542887	1
3.190000	5.555574	1
3.191000	5.577640	1
3.192000	5.524653	1
3.193000	5.492670	1
3.194000	5.529376	1
3.195000	5.548844	1
3.196000	5.550902	1
3.197000	5.557108	1
3.198000	5.559246	1
3.199000	5.555993	1
3.200000	5.565597	1
3.201000	5.546603	1
3.202000	5.549647	1
3.203000	5.613658	1
3.204000	5.542612	1
3.205000	5.569755	1
3.206000	5.574503	1
3.207000	5.532462	1
3.208000	5.543929	1
3.209000	5.570821	1
3.210000	5.535647	1
3.211000	5.531111	1
3.212000	5.539008	1
3.213000	5.501872	1
3.214000	5.565200	1
3.215000	5.576387	1
3.216000	5.539251	1
3.217000	5.514691	1
3.218000	5.537637	1
3.219000	5.561034	1
3.220000	5.606978	1
3.221000	5.547474	1
3.222000	5.587877	1
3.223000	5.577337	1
3.224000	5.583151	1
3.225000	5.536825	1
3.226000	5.581633	1
3.227000	5.560781	1
3.228000	5.551419	1
3.229000	5.535962	1
3.230000	5.568928	1
3.231000	5.582197	1
3.232000	5.570850	1
3.233000	5.534870	1
3.234000	5.550137	1
3.235000	5.564358	1
3.236000	5.564556	1
3.237000	5.573261	1
3.238000	5.582541	1
3.239000	5.599617	1
3.240000	5.601068	1
3.241000	5.573400	1
3.242000	5.554363	1
3.243000	5.570835	1
3.244000	5.570567	1
3.245000	5.586630	1
3.246000	5.583969	1
3.247000	5.555285	1
3.248000	5.539517	1
3.249000	5.560330	1
3.250000	5.597123	1
3.251000	5.571750	1
3.252000	5.559295	1
3.253000	5.528727	1
3.254000	5.548236	1
3.255000	5.543754	1
3.256000	5.573108	1
3.257000	5.564135	1
3.258000	5.578298	1
3.259000	5.595872	1
3.260000	5.559887	1
3.261000	5.575551	1
3.262000	5.573429	1
3.263000	5.581615	1
3.264000	5.604778	1
3.265000	5.581182	1
3.266000	5.600166	1
3.267000	5.572662	1
3.268000	5.594442	1
3.269000	5.558499	1
3.270000	5.544190	1
3.271000	5.528804	1
3.272000	5.549292	1
3.273000	5.545837	1
3.274000	5.566610	1
3.275000	5.566213	1
3.276000	5.561467	1
3.277000	5.553257	1
3.278000	5.538257	1
3.279000	5.534895	1
3.280000	5.534796	1
3.281000	5.549110	1
3.282000	5.619780	1
3.283000	5.531521	1
3.284000	5.553164	1
3.285000	5.571906	1
3.286000	5.548669	1
3.287000	5.511691	1
3.288000	5.520184	1
3.289000	5.546772	1
3.290000	5.537490	1
3.291000	5.508601	1
3.292000	5.519891	1
3.293000	5.515715	1
3.294000	5.532071	1
3.295000	5.505828	1
3.296000	5.526005	1
3.297000	5.487138	1
3.298000	5.542152	1
3.299000	5.554131	1
3.300000	5.529193	1
3.301000	5.512696	1
3.302000	5.485089	1
3.303000	5.485108	1
3.304000	5.526808	1
3.305000	5.566227	1
3.306000	5.612623	1
3.307000	5.581566	1
3.308000	5.580395	1
3.309000	5.559318	1
3.310000	5.559185	1
3.311000	5.546711	1
3.312000	5.502637	1
3.313000	5.541408	1
3.314000	5.571410	1
3.315000	5.573393	1
3.316000	5.561936	1
3.317000	5.538100	1
3.318000	5.539687	1
3.319000	5.495731	1
3.320000	5.517645	1
3.321000	5.557847	1
3.322000	5.605479	1
3.323000	5.549735	1
3.324000	5.547638	1
3.325000	5.580128	1
3.326000	5.604791	1
3.327000	5.602045	1
3.328000	5.618690	1
3.329000	5.581385	1
3.330000	5.548685	1
3.331000	5.577206	1
3.332000	5.614159	1
3.333000	5.609834	1
3.334000	5.604848	1
3.335000	5.594452	1
3.336000	5.596739	1
3.337000	5.580288	1
3.338000	5.583563	1
3.339000	5.645943	1
3.340000	5.629579	1
3.341000	5.627578	1
3.342000	5.664792	1
3.343000	5.625543	1
3.344000	5.590383	1
3.345000	5.607641	1
3.346000	5.605869	1
3.347000	5.572718	1
3.348000	5.561172	1
3.349000	5.555753	1
3.350000	5.582520	1
3.351000	5.564950	1
3.352000	5.559712	1
3.353000	5.594996	1
3.354000	5.570037	1
3.355000	5.603930	1
3.356000	5.618262	1
3.357000	5.590753	1
3.358000	5.600839	1
3.359000	5.601344	1
3.360000	5.584715	1
3.361000	5.601800	1
3.362000	5.558407	1
3.363000	5.573850	1
3.364000	5.515893	1
3.365000	5.548019	1
3.366000	5.534123	1
3.367000	5.563756	1
3.368000	5.535150	1
3.369000	5.562386	1
3.370000	5.590661	1
3.371000	5.549701	1
3.372000	5.563778	1
3.373000	5.552993	1
3.374000	5.543647	1
3.375000	5.555092	1
3.376000	5.594573	1
3.377000	5.546592	1
3.378000	5.556597	1
3.379000	5.553358	1
3.380000	5.568065	1
3.381000	5.530588	1
3.382000	5.543554	1
3.383000	5.503335	1
3.384000	5.539430	1
3.385000	5.528673	1
3.386000	5.511535	1
3.387000	5.538824	1
3.388000	5.551893	1
3.389000	5.528035	1
3.390000	5.564787	1
3.391000	5.542293	1
3.392000	5.570655	1
3.393000	5.570259	1
3.394000	5.536480	1
3.395000	5.569407	1
3.396000	5.619219	1
3.397000	5.603531	1
3.398000	5.618114	1
3.399000	5.638202	1
3.400000	5.615919	1
3.401000	5.604268	1
3.402000	5.612496	1
3.403000	5.559608	1
3.404000	5.594238	1
3.405000	5.618165	1
3.406000	5.599896	1
3.407000	5.549492	1
3.408000	5.529351	1
3.409000	5.534986	1
3.410000	5.573664	1
3.411000	5.579665	1
3.412000	5.539652	1
3.413000	5.558897	1
3.414000	5.495355	1
3.415000	5.567416	1
3.416000	5.565290	1
3.417000	5.566779	1
3.418000	5.532451	1
3.419000	5.511211	1
3.420000	5.485712	1
3.421000	5.524971	1
3.422000	5.521635	1
3.423000	5.575516	1
3.424000	5.561767	1
3.425000	5.581926	1
3.426000	5.588383	1
3.427000	5.572547	1
3.428000	5.552969	1
3.429000	5.564414	1
3.430000	5.595315	1
3.431000	5.577664	1
3.432000	5.607715	1
3.433000	5.599363	1
3.434000	5.597400	1
3.435000	5.610421	1
3.436000	5.629590	1
3.437000	5.611809	1
3.438000	5.552545	1
3.439000	5.550613	1
3.440000	5.556317	1
3.441000	5.578829	1
3.442000	5.541342	1
3.443000	5.592825	1
3.444000	5.576633	1
3.445000	5.546436	1
3.446000	5.568497	1
3.447000	5.576302	1
3.448000	5.573770	1
3.449000	5.580288	1
3.450000	5.603967	1
3.451000	5.589527	1
3.452000	5.558991	1
3.453000	5.625479	1
3.454000	5.569472	1
3.455000	5.584660	1
3.456000	5.578759	1
3.457000	5.556249	1
3.458000	5.561423	1
3.459000	5.583124	1
3.460000	5.601921	1
3.461000	5.601069	1
3.462000	5.576356	1
3.463000	5.597725	1
3.464000	5.582590	1
3.465000	5.583545	1
3.466000	5.604641	1
3.467000	5.558494	1
3.468000	5.580710	1
3.469000	5.636235	1
3.470000	5.588655	1
3.471000	5.604407	1
3.472000	5.599799	1
3.473000	5.585582	1
3.474000	5.566229	1
3.475000	5.547846	1
3.476000	5.568698	1
3.477000	5.547265	1
3.478000	5.534085	1
3.479000	5.538804	1
3.480000	5.487655	1
3.481000	5.524539	1
3.482000	5.555621	1
3.483000	5.529198	1
3.484000	5.554414	1
3.485000	5.521430	1
3.486000	5.504175	1
3.487000	5.539513	1
3.488000	5.541863	1
3.489000	5.497762	1
3.490000	5.517425	1
3.491000	5.585309	1
3.492000	5.546912	1
3.493000	5.554507	1
3.494000	5.544506	1
3.495000	5.565964	1
3.496000	5.543294	1
3.497000	5.530655	1
3.498000	5.575494	1
3.499000	5.577908	1
3.500000	5.536729	1
3.501000	5.545404	1
3.502000	5.500708	1
3.503000	5.522317	1
3.504000	5.573895	1
3.505000	5.589210	1
3.506000	5.591363	1
3.507000	5.541311	1
3.508000	5.549156	1
3.509000	5.557655	1
3.510000	5.490217	1
3.511000	5.523703	1
3.512000	5.509378	1
3.513000	5.580820	1
3.514000	5.543320	1
3.515000	5.526993	1
3.516000	5.540397	1
3.517000	5.550457	1
3.518000	5.535467	1
3.519000	5.549085	1
3.520000	5.542177	1
3.521000	5.528563	1
3.522000	5.532829	1
3.523000	5.579016	1
3.524000	5.542293	1
3.525000	5.519068	1
3.526000	5.528726	1
3.527000	5.546750	1
3.528000	5.534955	1
3.529000	5.511887	1
3.530000	5.521414	1
3.531000	5.523416	1
3.532000	5.517479	1
3.533000	5.526022	1
3.534000	5.551939	1
3.535000	5.544776	1
3.536000	5.515787	1
3.537000	5.518444	1
3.538000	5.558999	1
3.539000	5.537771	1
3.540000	5.565491	1
3.541000	5.575611	1
3.542000	5.547603	1
3.543000	5.521212	1
3.544000	5.510403	1
3.545000	5.541166	1
3.546000	5.542391	1
3.547000	5.602796	1
3.548000	5.583801	1
3.549000	5.595035	1
3.550000	5.592834	1
3.551000	5.632753	1
3.552000	5.573522	1
3.553000	5.566068	1
3.554000	5.600527	1
3.555000	5.559801	1
3.556000	5.562121	1
3.557000	5.557684	1
3.558000	5.617503	1
3.559000	5.574382	1
3.560000	5.541508	1
3.561000	5.546690	1
3.562000	5.575735	1
3.563000	5.592036	1
3.564000	5.570937	1
3.565000	5.566407	1
3.566000	5.534162	1
3.567000	5.546518	1
3.568000	5.587054	1
3.569000	5.593323	1
3.570000	5.609373	1
3.571000	5.572191	1
3.572000	5.608237	1
3.573000	5.587408	1
3.574000	5.613110	1
3.575000	5.612304	1
3.576000	5.587561	1
3.577000	5.592212	1
3.578000	5.581851	1
3.579000	5.603298	1
3.580000	5.594350	1
3.581000	5.562505	1
3.582000	5.566072	1
3.583000	5.582649	1
3.584000	5.544276	1
3.585000	5.545151	1
3.586000	5.600346	1
3.587000	5.540093	1
3.588000	5.543447	1
3.589000	5.564770	1
3.590000	5.564493	1
3.591000	5.549328	1
3.592000	5.571269	1
3.593000	5.528435	1
3.594000	5.527157	1
3.595000	5.559445	1
3.596000	5.513274	1
3.597000	5.593778	1
3.598000	5.566864	1
3.599000	5.568100	1
3.600000	5.558036	1
3.601000	5.544439	1
3.602000	5.565713	1
3.603000	5.563694	1
3.604000	5.528359	1
3.605000	5.575854	1
3.606000	5.549279	1
3.607000	5.545308	1
3.608000	5.586743	1
3.609000	5.611844	1
3.610000	5.562170	1
3.611000	5.582525	1
3.612000	5.566934	1
3.613000	5.540870	1
3.614000	5.594941	1
3.615000	5.560161	1
3.616000	5.585663	1
3.617000	5.602806	1
3.618000	5.580905	1
3.619000	5.611197	1
3.620000	5.581655	1
3.621000	5.598216	1
3.622000	5.596486	1
3.623000	5.577407	1
3.624000	5.571392	1
3.625000	5.587690	1
3.626000	5.609524	1
3.627000	5.633549	1
3.628000	5.617863	1
3.629000	5.572445	1
3.630000	5.563133	1
3.631000	5.606575	1
3.632000	5.609508	1
3.633000	5.630954	1
3.634000	5.574604	1
3.635000	5.564736	1
3.636000	5.604976	1
3.637000	5.594683	1
3.638000	5.600183	1
3.639000	5.599200	1
3.640000	5.570001	1
3.641000	5.611106	1
3.642000	5.549075	1
3.643000	5.584072	1
3.644000	5.561675	1
3.645000	5.557223	1
3.646000	5.552256	1
3.647000	5.552024	1
3.648000	5.570308	1
3.649000	5.586449	1
3.650000	5.610495	1
3.651000	5.667006	1
3.652000	5.611947	1
3.653000	5.562266	1
3.654000	5.561800	1
3.655000	5.588950	1
3.656000	5.574502	1
3.657000	5.574905	1
3.658000	5.575862	1
3.659000	5.585860	1
3.660000	5.540104	1
3.661000	5.562471	1
3.662000	5.581648	1
3.663000	5.546206	1
3.664000	5.584051	1
3.665000	5.560408	1
3.666000	5.586123	1
3.667000	5.617702	1
3.668000	5.576564	1
3.669000	5.591125	1
3.670000	5.589774	1
3.671000	5.584819	1
3.672000	5.579822	1
3.673000	5.558838	1
3.674000	5.615976	1
3.675000	5.547833	1
3.676000	5.583322	1
3.677000	5.576581	1
3.678000	5.559985	1
3.679000	5.610549	1
3.680000	5.555897	1
3.681000	5.616517	1
3.682000	5.577590	1
3.683000	5.547755	1
3.684000	5.533817	1
3.685000	5.525219	1
3.686000	5.522170	1
3.687000	5.553433	1
3.688000	5.575668	1
3.689000	5.560682	1
3.690000	5.584279	1
3.691000	5.552527	1
3.692000	5.543634	1
3.693000	5.526530	1
3.694000	5.563783	1
3.695000	5.516327	1
3.696000	5.557792	1
3.697000	5.591102	1
3.698000	5.577032	1
3.699000	5.563084	1
3.700000	5.570801	1
3.701000	5.621838	1
3.702000	5.618999	1
3.703000	5.565488	1
3.704000	5.589131	1
3.705000	5.591685	1
3.706000	5.543954	1
3.707000	5.561734	1
3.708000	5.538149	1
3.709000	5.556786	1
3.710000	5.560343	1
3.711000	5.564712	1
3.712000	5.597202	1
3.713000	5.544893	1
3.714000	5.529637	1
3.715000	5.556609	1
3.716000	5.570403	1
3.717000	5.598558	1
3.718000	5.600089	1
3.719000	5.593921	1
3.720000	5.616159	1
3.721000	5.572534	1
3.722000	5.571696	1
3.723000	5.607172	1
3.724000	5.559903	1
3.725000	5.587477	1
3.726000	5.559276	1
3.727000	5.597779	1
3.728000	5.573462	1
3.729000	5.562556	1
3.730000	5.581641	1
3.731000	5.548566	1
3.732000	5.557622	1
3.733000	5.552010	1
3.734000	5.518290	1
3.735000	5.608149	1
3.736000	5.597746	1
3.737000	5.587884	1
3.738000	5.622988	1
3.739000	5.581968	1
3.740000	5.603842	1
3.741000	5.522506	1
3.742000	5.523239	1
3.743000	5.544201	1
3.744000	5.573362	1
3.745000	5.546536	1
3.746000	5.528121	1
3.747000	5.594890	1
3.748000	5.522606	1
3.749000	5.504780	1
3.750000	5.575912	1
3.751000	5.579463	1
3.752000	5.583138	1
3.753000	5.601106	1
3.754000	5.574755	1
3.755000	5.591021	1
3.756000	5.563358	1
3.757000	5.603570	1
3.758000	5.589813	1
3.759000	5.556987	1
3.760000	5.569667	1
3.761000	5.564718	1
3.762000	5.550496	1
3.763000	5.532452	1
3.764000	5.594476	1
3.765000	5.504164	1
3.766000	5.505243	1
3.767000	5.526742	1
3.768000	5.517100	1
3.769000	5.551836	1
3.770000	5.481467	1
3.771000	5.488739	1
3.772000	5.499950	1
3.773000	5.519902	1
3.774000	5.525671	1
3.775000	5.516481	1
3.776000	5.529691	1
3.777000	5.488065	1
3.778000	5.553491	1
3.779000	5.512763	1
3.780000	5.507176	1
3.781000	5.511520	1
3.782000	5.508915	1
3.783000	5.470919	1
3.784000	5.523148	1
3.785000	5.516533	1
3.786000	5.572189	1
3.787000	5.580611	1
3.788000	5.604172	1
3.789000	5.573618	1
3.790000	5.537205	1
3.791000	5.537765	1
3.792000	5.547432	1
3.793000	5.539589	1
3.794000	5.573347	1
3.795000	5.589797	1
3.796000	5.586684	1
3.797000	5.580946	1
3.798000	5.601472	1
3.799000	5.562902	1
3.800000	5.594996	1
3.801000	5.570737	1
3.802000	5.599334	1
3.803000	5.594256	1
3.804000	5.610458	1
3.805000	5.624816	1
3.806000	5.609192	1
3.807000	5.602948	1
3.808000	5.551567	1
3.809000	5.597174	1
3.810000	5.574504	1
3.811000	5.595830	1
3.812000	5.596713	1
3.813000	5.596537	1
3.814000	5.645015	1
3.815000	5.589039	1
3.816000	5.604516	1
3.817000	5.640276	1
3.818000	5.599755	1
3.819000	5.592051	1
3.820000	5.528912	1
3.821000	5.549956	1
3.822000	5.586997	1
3.823000	5.552884	1
3.824000	5.607401	1
3.825000	5.593182	1
3.826000	5.605705	1
3.827000	5.591003	1
3.828000	5.578575	1
3.829000	5.565383	1
3.830000	5.545822	1
3.831000	5.529847	1
3.832000	5.560496	1
3.833000	5.584458	1
3.834000	5.622159	1
3.835000	5.606718	1
3.836000	5.598776	1
3.837000	5.609229	1
3.838000	5.544942	1
3.839000	5.540161	1
3.840000	5.520582	1
3.841000	5.570265	1
3.842000	5.562917	1
3.843000	5.577441	1
3.844000	5.544653	1
3.845000	5.534599	1
3.846000	5.542853	1
3.847000	5.547600	1
3.848000	5.591145	1
3.849000	5.563081	1
3.850000	5.582609	1
3.851000	5.633062	1
3.852000	5.588679	1
3.853000	5.572486	1
3.854000	5.548581	1
3.855000	5.550165	1
3.856000	5.580399	1
3.857000	5.566944	1
3.858000	5.569310	1
3.859000	5.587164	1
3.860000	5.571939	1
3.861000	5.547816	1
3.862000	5.520110	1
3.863000	5.540637	1
3.864000	5.537826	1
3.865000	5.547723	1
3.866000	5.531954	1
3.867000	5.550213	1
3.868000	5.544833	1
3.869000	5.555335	1
3.870000	5.540501	1
3.871000	5.552558	1
3.872000	5.599441	1
3.873000	5.580120	1
3.874000	5.582133	1
3.875000	5.591515	1
3.876000	5.583525	1
3.877000	5.572286	1
3.878000	5.606192	1
3.879000	5.580086	1
3.880000	5.616315	1
3.881000	5.618359	1
3.882000	5.612339	1
3.883000	5.608642	1
3.884000	5.599248	1
3.885000	5.586693	1
3.886000	5.571976	1
3.887000	5.589011	1
3.888000	5.584087	1
3.889000	5.587818	1
3.890000	5.636488	1
3.891000	5.628564	1
3.892000	5.582891	1
3.893000	5.627226	1
3.894000	5.601398	1
3.895000	5.623474	1
3.896000	5.639576	1
3.897000	5.601423	1
3.898000	5.605674	1
3.899000	5.629909	1
3.900000	5.592727	1
3.901000	5.605224	1
3.902000	5.605283	1
3.903000	5.602314	1
3.904000	5.590466	1
3.905000	5.564685	1
3.906000	5.552442	1
3.907000	5.583251	1
3.908000	5.555115	1
3.909000	5.546116	1
3.910000	5.581608	1
3.911000	5.522689	1
3.912000	5.532319	1
3.913000	5.531022	1
3.914000	5.550354	1
3.915000	5.525124	1
3.916000	5.530340	1
3.917000	5.513740	1
3.918000	5.549820	1
3.919000	5.569726	1
3.920000	5.530631	1
3.921000	5.553798	1
3.922000	5.586276	1
3.923000	5.582650	1
3.924000	5.561660	1
3.925000	5.618275	1
3.926000	5.571376	1
3.927000	5.535296	1
3.928000	5.565863	1
3.929000	5.580914	1
3.930000	5.596124	1
3.931000	5.528570	1
3.932000	5.554657	1
3.933000	5.575294	1
3.934000	5.549359	1
3.935000	5.549776	1
3.936000	5.538568	1
3.937000	5.555146	1
3.938000	5.524584	1
3.939000	5.494250	1
3.940000	5.517114	1
3.941000	5.532101	1
3.942000	5.585151	1
3.943000	5.545205	1
3.944000	5.516271	1
3.945000	5.586633	1
3.946000	5.584156	1
3.947000	5.566114	1
3.948000	5.552975	1
3.949000	5.565249	1
3.950000	5.551806	1
3.951000	5.557518	1
3.952000	5.561826	1
3.953000	5.554152	1
3.954000	5.580811	1
3.955000	5.583842	1
3.956000	5.579494	1
3.957000	5.556930	1
3.958000	5.603975	1
3.959000	5.558385	1
3.960000	5.609858	1
3.961000	5.595233	1
3.962000	5.596947	1
3.963000	5.610542	1
3.964000	5.591322	1
3.965000	5.587974	1
3.966000	5.571132	1
3.967000	5.540779	1
3.968000	5.542350	1
3.969000	5.612714	1
3.970000	5.563261	1
3.971000	5.533452	1
3.972000	5.543687	1
3.973000	5.555996	1
3.974000	5.532898	1
3.975000	5.504987	1
3.976000	5.481034	1
3.977000	5.485623	1
3.978000	5.511665	1
3.979000	5.503259	1
3.980000	5.540270	1
3.981000	5.499473	1
3.982000	5.500995	1
3.983000	5.531246	1
3.984000	5.539357	1
3.985000	5.513992	1
3.986000	5.554654	1
3.987000	5.548561	1
3.988000	5.533331	1
3.989000	5.551785	1
3.990000	5.560765	1
3.991000	5.546627	1
3.992000	5.552557	1
3.993000	5.530520	1
3.994000	5.564798	1
3.995000	5.571237	1
3.996000	5.554652	1
3.997000	5.565759	1
3.998000	5.556479	1
3.999000	5.574858	1
4.000000	5.595072	1
