#k	x1	dx1	x2	dx2	xm	dxm	Q_in	Q_out	dQ_in	dQ_out
0.100000	-2.833266	6.864187	2.841704	6.867190	5038.192125	375.867999	511964.014714	-370650.186129	2578.610916	1947.577010
0.251189	-1.499824	4.342836	1.493985	4.342653	4992.012482	340.122066	511205.940967	-370577.356363	2618.138508	1971.119113
0.630957	-0.794809	2.740699	0.791658	2.743645	5027.489930	332.776847	510146.168800	-371070.022866	2697.694644	2122.083619
1.584893	-0.370232	1.736848	0.367798	1.735732	5017.950308	294.821709	508978.605242	-371768.748535	2782.851005	2225.679846
3.981072	-0.130963	1.114034	0.132018	1.114848	5015.354788	274.126493	504339.789737	-372348.490469	3517.958154	2519.281048
10.000000	0.004228	0.756435	-0.003987	0.756152	5021.304338	325.244176	499007.078037	-372188.986267	6086.696898	8151.578795

#a = 0.250000 V = 40.000000 #N_heads = 4   c = 0.300000       N = 128     time = 10000000.000000
#CPU_time = 54770.485397
